0, 1
0, 1
0, 1
0, 1
0, 1
0, 1
0, 1
0, 1
0, 1
0, 1
1, 1
1, 1
1, 1
1, 1
1, 1
1, 1
1, 1
1, 1
1, 1
1, 1
2, 1
2, 1
2, 1
2, 1
2, 1
2, 1
2, 1
2, 1
2, 1
2, 1
3, 0
3, 0
3, 0
3, 0
3, 0
3, 0
3, 0
3, 0
3, 0
3, 0
3, 0
3, 0
3, 0
3, 0
3, 0
3, 0
3, 0
3, 0
3, 0
3, 0
3, 0
3, 0
3, 0
3, 0
3, 0
3, 0
3, 0
3, 0
3, 0
3, 0
3, 0
3, 0
3, 0
3, 0
3, 0
3, 0
3, 0
3, 0
3, 0
3, 0
3, 0
3, 0
3, 0
3, 0
3, 0
3, 0
3, 0
3, 0
3, 0
3, 0
3, 0
3, 0
3, 0
3, 0
3, 0
3, 0
3, 0
3, 0
3, 0
3, 0
3, 0
3, 0
3, 0
3, 0
3, 0
3, 0
3, 0
3, 0
3, 0
3, 0
3, 0
3, 0
3, 0
3, 0
3, 0
3, 0
3, 0
3, 0
3, 0
3, 0
3, 0
3, 0
3, 0
3, 0
3, 0
3, 0
3, 0
3, 0
3, 0
3, 0
3, 0
3, 0
3, 0
3, 0
3, 0
3, 0
3, 0
3, 0
3, 0
3, 0
4, 0
4, 0
4, 0
4, 0
4, 0
4, 0
4, 0
4, 0
4, 0
4, 0
4, 0
4, 0
4, 0
4, 0
4, 0
4, 0
4, 0
4, 0
4, 0
4, 0
4, 0
4, 0
4, 0
4, 0
4, 0
4, 0
4, 0
4, 0
4, 0
4, 0
4, 0
4, 0
4, 0
4, 0
4, 0
4, 0
4, 0
4, 0
4, 0
4, 0
4, 0
4, 0
4, 0
4, 0
4, 0
4, 0
4, 0
4, 0
4, 0
4, 0
4, 0
4, 0
4, 0
4, 0
4, 0
4, 0
4, 0
4, 0
4, 0
4, 0
4, 0
4, 0
4, 0
4, 0
4, 0
4, 0
4, 0
4, 0
4, 0
4, 0
4, 0
4, 0
4, 0
4, 0
4, 0
4, 0
4, 0
4, 0
4, 0
4, 0
4, 0
4, 0
4, 0
4, 0
4, 0
4, 0
4, 0
4, 0
4, 0
4, 0
4, 0
4, 0
4, 0
4, 0
4, 0
4, 0
4, 0
4, 0
4, 0
4, 0
5, 0
5, 0
5, 0
5, 0
5, 0
5, 0
5, 0
5, 0
5, 0
5, 0
5, 0
5, 0
5, 0
5, 0
5, 0
5, 0
5, 0
5, 0
5, 0
5, 0
5, 0
5, 0
5, 0
5, 0
5, 0
5, 0
5, 0
5, 0
5, 0
5, 0
5, 0
5, 0
5, 0
5, 0
5, 0
5, 0
5, 0
5, 0
5, 0
5, 0
5, 0
5, 0
5, 0
5, 0
5, 0
5, 0
5, 0
5, 0
5, 0
5, 0
5, 0
5, 0
5, 0
5, 0
5, 0
5, 0
5, 0
5, 0
5, 0
5, 0
5, 0
5, 0
5, 0
5, 0
5, 0
5, 0
5, 0
5, 0
5, 0
5, 0
5, 0
5, 0
5, 0
5, 0
5, 0
5, 0
5, 0
5, 0
5, 0
5, 0
5, 0
5, 0
5, 0
5, 0
5, 0
5, 0
5, 0
5, 0
5, 0
5, 0
5, 0
5, 0
5, 0
5, 0
5, 0
5, 0
5, 0
5, 0
5, 0
5, 0
6, 1
6, 1
6, 1
6, 1
6, 1
6, 1
6, 1
6, 1
6, 1
6, 1
7, 1
7, 1
7, 1
7, 1
7, 1
7, 1
7, 1
7, 1
7, 1
8, 1
8, 1
8, 1
8, 1
8, 1
8, 1
8, 1
8, 1
8, 1
8, 1
9, 1
9, 1
9, 1
9, 1
9, 1
9, 1
9, 1
9, 1
9, 1
9, 1
10, 1
10, 1
10, 1
10, 1
10, 1
10, 1
10, 1
10, 1
10, 1
10, 1
11, 1
11, 1
11, 1
11, 1
11, 1
11, 1
11, 1
11, 1
11, 1
11, 1
12, 0
12, 0
12, 0
12, 0
12, 0
12, 0
12, 0
12, 0
12, 0
12, 0
12, 0
12, 0
12, 0
12, 0
12, 0
12, 0
12, 0
12, 0
12, 0
12, 0
12, 0
12, 0
12, 0
12, 0
12, 0
12, 0
12, 0
12, 0
12, 0
12, 0
12, 0
12, 0
12, 0
12, 0
12, 0
12, 0
12, 0
12, 0
12, 0
12, 0
12, 0
12, 0
12, 0
12, 0
12, 0
12, 0
12, 0
12, 0
12, 0
12, 0
12, 0
12, 0
12, 0
12, 0
12, 0
12, 0
12, 0
12, 0
12, 0
12, 0
12, 0
12, 0
12, 0
12, 0
12, 0
12, 0
12, 0
12, 0
12, 0
12, 0
12, 0
12, 0
12, 0
12, 0
12, 0
12, 0
12, 0
12, 0
12, 0
12, 0
12, 0
12, 0
12, 0
12, 0
12, 0
12, 0
12, 0
12, 0
12, 0
12, 0
12, 0
12, 0
12, 0
12, 0
12, 0
12, 0
12, 0
12, 0
12, 0
12, 0
13, 1
13, 1
13, 1
13, 1
13, 1
13, 1
13, 1
13, 1
13, 1
13, 1
14, 0
14, 0
14, 0
14, 0
14, 0
14, 0
14, 0
14, 0
14, 0
14, 0
14, 0
14, 0
14, 0
14, 0
14, 0
14, 0
14, 0
14, 0
14, 0
14, 0
14, 0
14, 0
14, 0
14, 0
14, 0
14, 0
14, 0
14, 0
14, 0
14, 0
14, 0
14, 0
14, 0
14, 0
14, 0
14, 0
14, 0
14, 0
14, 0
14, 0
14, 0
14, 0
14, 0
14, 0
14, 0
14, 0
14, 0
14, 0
14, 0
14, 0
14, 0
14, 0
14, 0
14, 0
14, 0
14, 0
14, 0
14, 0
14, 0
14, 0
14, 0
14, 0
14, 0
14, 0
14, 0
14, 0
14, 0
14, 0
14, 0
14, 0
14, 0
14, 0
14, 0
14, 0
14, 0
14, 0
14, 0
14, 0
14, 0
14, 0
14, 0
14, 0
14, 0
14, 0
14, 0
14, 0
14, 0
14, 0
14, 0
14, 0
14, 0
14, 0
14, 0
14, 0
14, 0
14, 0
14, 0
14, 0
14, 0
14, 0
15, 0
15, 0
15, 0
15, 0
15, 0
15, 0
15, 0
15, 0
15, 0
15, 0
15, 0
15, 0
15, 0
15, 0
15, 0
15, 0
15, 0
15, 0
15, 0
15, 0
15, 0
15, 0
15, 0
15, 0
15, 0
15, 0
15, 0
15, 0
15, 0
15, 0
15, 0
15, 0
15, 0
15, 0
15, 0
15, 0
15, 0
15, 0
15, 0
15, 0
15, 0
15, 0
15, 0
15, 0
15, 0
15, 0
15, 0
15, 0
15, 0
15, 0
15, 0
15, 0
15, 0
15, 0
15, 0
15, 0
15, 0
15, 0
15, 0
15, 0
15, 0
15, 0
15, 0
15, 0
15, 0
15, 0
15, 0
15, 0
15, 0
15, 0
15, 0
15, 0
15, 0
15, 0
15, 0
15, 0
15, 0
15, 0
15, 0
15, 0
15, 0
15, 0
15, 0
15, 0
15, 0
15, 0
15, 0
15, 0
15, 0
15, 0
15, 0
15, 0
15, 0
15, 0
15, 0
15, 0
15, 0
15, 0
15, 0
15, 0
16, 1
16, 1
16, 1
16, 1
16, 1
16, 1
16, 1
16, 1
16, 1
16, 1
17, 0
17, 0
17, 0
17, 0
17, 0
17, 0
17, 0
17, 0
17, 0
17, 0
17, 0
17, 0
17, 0
17, 0
17, 0
17, 0
17, 0
17, 0
17, 0
17, 0
17, 0
17, 0
17, 0
17, 0
17, 0
17, 0
17, 0
17, 0
17, 0
17, 0
17, 0
17, 0
17, 0
17, 0
17, 0
17, 0
17, 0
17, 0
17, 0
17, 0
17, 0
17, 0
17, 0
17, 0
17, 0
17, 0
17, 0
17, 0
17, 0
17, 0
17, 0
17, 0
17, 0
17, 0
17, 0
17, 0
17, 0
17, 0
17, 0
17, 0
17, 0
17, 0
17, 0
17, 0
17, 0
17, 0
17, 0
17, 0
17, 0
17, 0
17, 0
17, 0
17, 0
17, 0
17, 0
17, 0
17, 0
17, 0
17, 0
17, 0
17, 0
17, 0
17, 0
17, 0
17, 0
17, 0
17, 0
17, 0
17, 0
17, 0
17, 0
17, 0
17, 0
17, 0
17, 0
17, 0
17, 0
17, 0
17, 0
17, 0
18, 1
18, 1
18, 1
18, 1
18, 1
18, 1
18, 1
18, 1
19, 1
19, 1
19, 1
19, 1
19, 1
19, 1
19, 1
19, 1
19, 1
19, 1
20, 0
20, 0
20, 0
20, 0
20, 0
20, 0
20, 0
20, 0
20, 0
20, 0
20, 0
20, 0
20, 0
20, 0
20, 0
20, 0
20, 0
20, 0
20, 0
20, 0
20, 0
20, 0
20, 0
20, 0
20, 0
20, 0
20, 0
20, 0
20, 0
20, 0
20, 0
20, 0
20, 0
20, 0
20, 0
20, 0
20, 0
20, 0
20, 0
20, 0
20, 0
20, 0
20, 0
20, 0
20, 0
20, 0
20, 0
20, 0
20, 0
20, 0
20, 0
20, 0
20, 0
20, 0
20, 0
20, 0
20, 0
20, 0
20, 0
20, 0
20, 0
20, 0
20, 0
20, 0
20, 0
20, 0
20, 0
20, 0
20, 0
20, 0
20, 0
20, 0
20, 0
20, 0
20, 0
20, 0
20, 0
20, 0
20, 0
20, 0
20, 0
20, 0
20, 0
20, 0
20, 0
20, 0
20, 0
20, 0
20, 0
20, 0
20, 0
20, 0
20, 0
20, 0
20, 0
20, 0
20, 0
20, 0
20, 0
20, 0
21, 1
21, 1
21, 1
21, 1
21, 1
21, 1
21, 1
21, 1
21, 1
21, 1
22, 1
22, 1
22, 1
22, 1
22, 1
22, 1
22, 1
22, 1
22, 1
22, 1
23, 1
23, 1
23, 1
23, 1
23, 1
23, 1
23, 1
23, 1
23, 1
23, 1
24, 0
24, 0
24, 0
24, 0
24, 0
24, 0
24, 0
24, 0
24, 0
24, 0
24, 0
24, 0
24, 0
24, 0
24, 0
24, 0
24, 0
24, 0
24, 0
24, 0
24, 0
24, 0
24, 0
24, 0
24, 0
24, 0
24, 0
24, 0
24, 0
24, 0
24, 0
24, 0
24, 0
24, 0
24, 0
24, 0
24, 0
24, 0
25, 1
25, 1
25, 1
25, 1
25, 1
25, 1
25, 1
25, 1
25, 1
25, 1
26, 0
26, 0
26, 0
26, 0
26, 0
26, 0
26, 0
26, 0
26, 0
26, 0
26, 0
26, 0
26, 0
26, 0
26, 0
26, 0
26, 0
26, 0
26, 0
26, 0
26, 0
26, 0
26, 0
26, 0
26, 0
26, 0
26, 0
26, 0
26, 0
26, 0
26, 0
26, 0
26, 0
26, 0
26, 0
26, 0
26, 0
26, 0
26, 0
26, 0
26, 0
26, 0
26, 0
26, 0
26, 0
26, 0
26, 0
26, 0
26, 0
26, 0
26, 0
26, 0
26, 0
26, 0
26, 0
26, 0
26, 0
26, 0
26, 0
26, 0
26, 0
26, 0
26, 0
26, 0
26, 0
26, 0
26, 0
26, 0
26, 0
26, 0
26, 0
26, 0
26, 0
26, 0
26, 0
26, 0
26, 0
26, 0
26, 0
26, 0
26, 0
26, 0
26, 0
26, 0
26, 0
26, 0
26, 0
26, 0
26, 0
26, 0
26, 0
26, 0
26, 0
26, 0
26, 0
26, 0
26, 0
26, 0
26, 0
26, 0
27, 0
27, 0
27, 0
27, 0
27, 0
27, 0
27, 0
27, 0
27, 0
27, 0
27, 0
27, 0
27, 0
27, 0
27, 0
27, 0
27, 0
27, 0
27, 0
27, 0
27, 0
27, 0
27, 0
27, 0
27, 0
27, 0
27, 0
27, 0
27, 0
27, 0
27, 0
27, 0
27, 0
27, 0
27, 0
27, 0
27, 0
27, 0
27, 0
27, 0
27, 0
27, 0
27, 0
27, 0
27, 0
27, 0
27, 0
27, 0
27, 0
27, 0
27, 0
27, 0
27, 0
27, 0
27, 0
27, 0
27, 0
27, 0
27, 0
27, 0
27, 0
27, 0
27, 0
27, 0
27, 0
27, 0
27, 0
27, 0
27, 0
27, 0
27, 0
27, 0
27, 0
27, 0
27, 0
27, 0
27, 0
27, 0
27, 0
27, 0
27, 0
27, 0
27, 0
27, 0
27, 0
27, 0
27, 0
27, 0
27, 0
27, 0
27, 0
27, 0
27, 0
27, 0
27, 0
27, 0
27, 0
27, 0
27, 0
27, 0
28, 1
28, 1
28, 1
28, 1
28, 1
28, 1
28, 1
28, 1
28, 1
28, 1
29, 0
29, 0
29, 0
29, 0
29, 0
29, 0
29, 0
29, 0
29, 0
29, 0
29, 0
29, 0
29, 0
29, 0
29, 0
30, 0
30, 0
30, 0
30, 0
30, 0
30, 0
30, 0
30, 0
30, 0
30, 0
30, 0
30, 0
30, 0
30, 0
30, 0
30, 0
30, 0
30, 0
30, 0
30, 0
30, 0
30, 0
30, 0
30, 0
30, 0
30, 0
30, 0
30, 0
30, 0
30, 0
30, 0
30, 0
30, 0
30, 0
30, 0
30, 0
30, 0
30, 0
30, 0
30, 0
30, 0
30, 0
30, 0
30, 0
30, 0
30, 0
30, 0
30, 0
30, 0
30, 0
30, 0
30, 0
30, 0
30, 0
30, 0
30, 0
30, 0
30, 0
30, 0
30, 0
30, 0
30, 0
30, 0
30, 0
30, 0
30, 0
30, 0
30, 0
30, 0
30, 0
30, 0
30, 0
30, 0
30, 0
30, 0
30, 0
30, 0
30, 0
30, 0
30, 0
30, 0
30, 0
30, 0
30, 0
30, 0
30, 0
30, 0
30, 0
30, 0
30, 0
30, 0
30, 0
30, 0
30, 0
30, 0
30, 0
30, 0
30, 0
30, 0
30, 0
31, 0
31, 0
31, 0
31, 0
31, 0
31, 0
31, 0
31, 0
31, 0
31, 0
31, 0
31, 0
31, 0
31, 0
31, 0
31, 0
31, 0
31, 0
31, 0
31, 0
31, 0
31, 0
31, 0
31, 0
31, 0
31, 0
31, 0
31, 0
31, 0
31, 0
31, 0
31, 0
31, 0
31, 0
31, 0
31, 0
31, 0
31, 0
31, 0
31, 0
31, 0
31, 0
31, 0
31, 0
31, 0
31, 0
31, 0
31, 0
31, 0
31, 0
31, 0
31, 0
31, 0
31, 0
31, 0
31, 0
31, 0
31, 0
31, 0
31, 0
31, 0
31, 0
31, 0
31, 0
31, 0
31, 0
31, 0
31, 0
31, 0
31, 0
31, 0
31, 0
31, 0
31, 0
31, 0
31, 0
31, 0
31, 0
31, 0
31, 0
31, 0
31, 0
31, 0
31, 0
31, 0
31, 0
31, 0
31, 0
31, 0
31, 0
31, 0
31, 0
31, 0
31, 0
31, 0
31, 0
31, 0
31, 0
31, 0
31, 0
32, 1
32, 1
32, 1
32, 1
32, 1
32, 1
32, 1
32, 1
32, 1
33, 1
33, 1
33, 1
33, 1
33, 1
33, 1
33, 1
33, 1
33, 1
33, 1
34, 0
34, 0
34, 0
34, 0
34, 0
34, 0
34, 0
34, 0
34, 0
34, 0
34, 0
34, 0
34, 0
34, 0
34, 0
34, 0
34, 0
34, 0
34, 0
34, 0
34, 0
34, 0
34, 0
34, 0
34, 0
34, 0
34, 0
34, 0
34, 0
34, 0
34, 0
34, 0
34, 0
34, 0
34, 0
34, 0
34, 0
34, 0
34, 0
34, 0
34, 0
34, 0
34, 0
34, 0
34, 0
34, 0
34, 0
34, 0
34, 0
34, 0
34, 0
34, 0
34, 0
34, 0
34, 0
34, 0
34, 0
34, 0
34, 0
34, 0
34, 0
34, 0
34, 0
34, 0
34, 0
34, 0
34, 0
34, 0
34, 0
34, 0
34, 0
34, 0
34, 0
34, 0
34, 0
34, 0
34, 0
34, 0
34, 0
34, 0
34, 0
34, 0
34, 0
34, 0
34, 0
34, 0
34, 0
34, 0
34, 0
34, 0
34, 0
34, 0
34, 0
34, 0
34, 0
34, 0
34, 0
34, 0
34, 0
34, 0
35, 0
35, 0
35, 0
35, 0
35, 0
35, 0
35, 0
35, 0
35, 0
35, 0
35, 0
35, 0
35, 0
35, 0
35, 0
35, 0
35, 0
35, 0
35, 0
35, 0
35, 0
35, 0
35, 0
35, 0
35, 0
35, 0
35, 0
35, 0
35, 0
35, 0
35, 0
35, 0
35, 0
35, 0
35, 0
35, 0
35, 0
35, 0
35, 0
35, 0
35, 0
35, 0
35, 0
35, 0
35, 0
35, 0
35, 0
35, 0
35, 0
35, 0
35, 0
35, 0
35, 0
35, 0
35, 0
35, 0
35, 0
35, 0
35, 0
35, 0
35, 0
35, 0
35, 0
35, 0
35, 0
35, 0
35, 0
35, 0
35, 0
35, 0
35, 0
35, 0
35, 0
35, 0
35, 0
35, 0
35, 0
35, 0
35, 0
35, 0
35, 0
35, 0
35, 0
35, 0
35, 0
35, 0
35, 0
35, 0
35, 0
35, 0
35, 0
35, 0
35, 0
35, 0
35, 0
35, 0
35, 0
35, 0
35, 0
35, 0
36, 0
36, 0
36, 0
36, 0
36, 0
36, 0
36, 0
36, 0
36, 0
36, 0
36, 0
36, 0
36, 0
36, 0
36, 0
36, 0
36, 0
36, 0
36, 0
36, 0
36, 0
36, 0
36, 0
36, 0
36, 0
36, 0
36, 0
36, 0
36, 0
36, 0
36, 0
36, 0
36, 0
36, 0
36, 0
36, 0
36, 0
36, 0
36, 0
36, 0
36, 0
36, 0
36, 0
36, 0
36, 0
36, 0
36, 0
36, 0
36, 0
36, 0
36, 0
36, 0
36, 0
36, 0
36, 0
36, 0
36, 0
36, 0
36, 0
36, 0
36, 0
36, 0
36, 0
36, 0
36, 0
36, 0
36, 0
36, 0
36, 0
36, 0
36, 0
36, 0
36, 0
36, 0
36, 0
36, 0
36, 0
36, 0
36, 0
36, 0
36, 0
36, 0
36, 0
36, 0
36, 0
36, 0
36, 0
36, 0
36, 0
36, 0
36, 0
36, 0
36, 0
36, 0
36, 0
36, 0
36, 0
36, 0
36, 0
36, 0
37, 1
37, 1
37, 1
37, 1
37, 1
37, 1
37, 1
37, 1
37, 1
37, 1
38, 0
38, 0
38, 0
38, 0
38, 0
38, 0
38, 0
38, 0
38, 0
38, 0
38, 0
38, 0
38, 0
38, 0
38, 0
38, 0
38, 0
38, 0
38, 0
38, 0
38, 0
38, 0
38, 0
38, 0
38, 0
38, 0
38, 0
38, 0
38, 0
38, 0
38, 0
38, 0
38, 0
38, 0
38, 0
38, 0
38, 0
38, 0
38, 0
38, 0
38, 0
38, 0
38, 0
38, 0
38, 0
38, 0
38, 0
38, 0
38, 0
38, 0
38, 0
38, 0
38, 0
38, 0
38, 0
38, 0
38, 0
38, 0
38, 0
38, 0
38, 0
38, 0
38, 0
38, 0
38, 0
38, 0
38, 0
38, 0
38, 0
38, 0
38, 0
38, 0
38, 0
38, 0
38, 0
38, 0
38, 0
38, 0
38, 0
38, 0
38, 0
38, 0
38, 0
38, 0
38, 0
38, 0
38, 0
38, 0
38, 0
38, 0
38, 0
38, 0
38, 0
38, 0
38, 0
38, 0
38, 0
38, 0
38, 0
38, 0
39, 0
39, 0
39, 0
39, 0
39, 0
39, 0
39, 0
39, 0
39, 0
39, 0
39, 0
39, 0
39, 0
39, 0
39, 0
39, 0
39, 0
39, 0
39, 0
39, 0
39, 0
39, 0
39, 0
39, 0
39, 0
39, 0
39, 0
39, 0
39, 0
39, 0
39, 0
39, 0
39, 0
39, 0
39, 0
39, 0
39, 0
39, 0
39, 0
39, 0
39, 0
39, 0
39, 0
39, 0
39, 0
39, 0
39, 0
39, 0
39, 0
39, 0
39, 0
39, 0
39, 0
39, 0
39, 0
39, 0
39, 0
39, 0
39, 0
39, 0
39, 0
39, 0
39, 0
39, 0
39, 0
39, 0
39, 0
39, 0
39, 0
39, 0
39, 0
39, 0
39, 0
39, 0
39, 0
39, 0
39, 0
39, 0
39, 0
39, 0
39, 0
39, 0
39, 0
39, 0
39, 0
39, 0
39, 0
39, 0
39, 0
39, 0
39, 0
39, 0
39, 0
39, 0
39, 0
39, 0
39, 0
39, 0
39, 0
39, 0
40, 0
40, 0
40, 0
40, 0
40, 0
40, 0
40, 0
40, 0
40, 0
40, 0
40, 0
40, 0
40, 0
40, 0
40, 0
40, 0
40, 0
40, 0
40, 0
40, 0
40, 0
40, 0
40, 0
40, 0
40, 0
40, 0
40, 0
40, 0
40, 0
40, 0
40, 0
40, 0
40, 0
40, 0
40, 0
40, 0
40, 0
40, 0
40, 0
40, 0
40, 0
40, 0
40, 0
40, 0
40, 0
40, 0
40, 0
40, 0
40, 0
40, 0
40, 0
40, 0
40, 0
40, 0
40, 0
40, 0
40, 0
40, 0
40, 0
40, 0
40, 0
40, 0
40, 0
40, 0
40, 0
40, 0
40, 0
40, 0
40, 0
40, 0
40, 0
40, 0
40, 0
40, 0
40, 0
40, 0
40, 0
40, 0
40, 0
40, 0
40, 0
40, 0
40, 0
40, 0
40, 0
40, 0
40, 0
40, 0
40, 0
40, 0
40, 0
40, 0
40, 0
40, 0
40, 0
40, 0
40, 0
40, 0
40, 0
40, 0
41, 1
41, 1
41, 1
41, 1
41, 1
41, 1
41, 1
41, 1
41, 1
41, 1
42, 0
42, 0
42, 0
42, 0
42, 0
42, 0
42, 0
42, 0
42, 0
42, 0
42, 0
42, 0
42, 0
42, 0
42, 0
42, 0
42, 0
42, 0
42, 0
42, 0
42, 0
42, 0
42, 0
42, 0
42, 0
42, 0
42, 0
42, 0
42, 0
42, 0
42, 0
42, 0
42, 0
42, 0
42, 0
42, 0
42, 0
42, 0
42, 0
42, 0
42, 0
42, 0
42, 0
42, 0
42, 0
42, 0
42, 0
42, 0
42, 0
42, 0
42, 0
42, 0
42, 0
42, 0
42, 0
42, 0
42, 0
42, 0
42, 0
42, 0
42, 0
42, 0
42, 0
42, 0
42, 0
42, 0
42, 0
42, 0
42, 0
42, 0
42, 0
42, 0
42, 0
42, 0
42, 0
42, 0
42, 0
42, 0
42, 0
42, 0
42, 0
42, 0
42, 0
42, 0
42, 0
42, 0
42, 0
42, 0
42, 0
42, 0
42, 0
42, 0
42, 0
42, 0
42, 0
42, 0
42, 0
42, 0
42, 0
42, 0
43, 1
43, 1
43, 1
43, 1
43, 1
43, 1
43, 1
43, 1
43, 1
43, 1
44, 0
45, 1
45, 1
45, 1
45, 1
45, 1
45, 1
45, 1
45, 1
45, 1
45, 1
46, 0
46, 0
46, 0
46, 0
46, 0
46, 0
46, 0
46, 0
46, 0
46, 0
46, 0
46, 0
46, 0
46, 0
46, 0
46, 0
46, 0
46, 0
46, 0
46, 0
46, 0
46, 0
46, 0
46, 0
46, 0
46, 0
46, 0
46, 0
46, 0
46, 0
46, 0
46, 0
46, 0
46, 0
46, 0
46, 0
46, 0
46, 0
46, 0
46, 0
46, 0
46, 0
46, 0
46, 0
46, 0
46, 0
46, 0
46, 0
46, 0
46, 0
46, 0
46, 0
46, 0
46, 0
46, 0
46, 0
46, 0
46, 0
46, 0
46, 0
46, 0
46, 0
46, 0
46, 0
46, 0
46, 0
46, 0
46, 0
46, 0
46, 0
46, 0
46, 0
46, 0
46, 0
46, 0
46, 0
46, 0
46, 0
46, 0
46, 0
46, 0
46, 0
46, 0
46, 0
46, 0
46, 0
46, 0
46, 0
46, 0
46, 0
46, 0
46, 0
46, 0
46, 0
46, 0
46, 0
46, 0
46, 0
46, 0
46, 0
47, 1
47, 1
47, 1
47, 1
47, 1
47, 1
47, 1
47, 1
47, 1
47, 1
48, 0
48, 0
48, 0
48, 0
48, 0
48, 0
48, 0
48, 0
48, 0
48, 0
48, 0
48, 0
48, 0
48, 0
48, 0
48, 0
48, 0
48, 0
48, 0
48, 0
48, 0
48, 0
48, 0
48, 0
48, 0
48, 0
48, 0
48, 0
48, 0
48, 0
48, 0
48, 0
48, 0
48, 0
48, 0
48, 0
48, 0
48, 0
48, 0
48, 0
48, 0
48, 0
48, 0
48, 0
48, 0
48, 0
48, 0
48, 0
48, 0
48, 0
48, 0
48, 0
48, 0
48, 0
48, 0
48, 0
48, 0
48, 0
48, 0
48, 0
48, 0
48, 0
48, 0
48, 0
48, 0
48, 0
48, 0
48, 0
48, 0
48, 0
48, 0
48, 0
48, 0
48, 0
48, 0
48, 0
48, 0
48, 0
48, 0
48, 0
48, 0
48, 0
48, 0
48, 0
48, 0
48, 0
48, 0
48, 0
48, 0
48, 0
48, 0
48, 0
48, 0
48, 0
48, 0
48, 0
48, 0
48, 0
48, 0
48, 0
49, 1
49, 1
49, 1
49, 1
49, 1
49, 1
49, 1
49, 1
49, 1
49, 1
50, 0
50, 0
50, 0
50, 0
50, 0
50, 0
50, 0
50, 0
50, 0
50, 0
50, 0
50, 0
50, 0
50, 0
50, 0
50, 0
50, 0
50, 0
50, 0
50, 0
50, 0
50, 0
50, 0
50, 0
50, 0
50, 0
50, 0
50, 0
50, 0
50, 0
50, 0
50, 0
50, 0
50, 0
50, 0
50, 0
50, 0
50, 0
50, 0
50, 0
50, 0
50, 0
50, 0
50, 0
50, 0
50, 0
50, 0
50, 0
50, 0
50, 0
50, 0
50, 0
50, 0
50, 0
50, 0
50, 0
50, 0
50, 0
50, 0
50, 0
50, 0
50, 0
50, 0
50, 0
50, 0
50, 0
50, 0
50, 0
50, 0
50, 0
50, 0
50, 0
50, 0
50, 0
50, 0
50, 0
50, 0
50, 0
50, 0
50, 0
50, 0
50, 0
50, 0
50, 0
50, 0
50, 0
50, 0
50, 0
50, 0
50, 0
50, 0
50, 0
50, 0
50, 0
50, 0
50, 0
50, 0
50, 0
50, 0
50, 0
51, 0
51, 0
51, 0
51, 0
51, 0
51, 0
51, 0
51, 0
51, 0
51, 0
51, 0
51, 0
51, 0
51, 0
51, 0
51, 0
51, 0
51, 0
51, 0
51, 0
51, 0
51, 0
51, 0
51, 0
51, 0
51, 0
51, 0
51, 0
51, 0
51, 0
51, 0
51, 0
51, 0
51, 0
51, 0
51, 0
51, 0
52, 1
52, 1
52, 1
52, 1
52, 1
52, 1
52, 1
52, 1
52, 1
52, 1
53, 1
53, 1
53, 1
53, 1
53, 1
53, 1
53, 1
53, 1
53, 1
53, 1
54, 0
54, 0
54, 0
54, 0
54, 0
54, 0
54, 0
54, 0
54, 0
54, 0
54, 0
54, 0
54, 0
54, 0
54, 0
54, 0
54, 0
54, 0
54, 0
54, 0
54, 0
54, 0
54, 0
54, 0
54, 0
54, 0
54, 0
55, 1
55, 1
55, 1
55, 1
55, 1
55, 1
55, 1
55, 1
55, 1
55, 1
56, 1
56, 1
56, 1
56, 1
56, 1
56, 1
56, 1
56, 1
56, 1
56, 1
57, 0
57, 0
57, 0
57, 0
57, 0
57, 0
57, 0
57, 0
57, 0
57, 0
57, 0
57, 0
57, 0
57, 0
57, 0
57, 0
57, 0
57, 0
57, 0
57, 0
57, 0
57, 0
57, 0
57, 0
57, 0
57, 0
57, 0
57, 0
57, 0
57, 0
57, 0
57, 0
57, 0
57, 0
57, 0
57, 0
57, 0
57, 0
57, 0
57, 0
57, 0
57, 0
57, 0
57, 0
57, 0
57, 0
57, 0
57, 0
57, 0
57, 0
57, 0
57, 0
57, 0
57, 0
57, 0
57, 0
57, 0
57, 0
57, 0
57, 0
57, 0
57, 0
57, 0
57, 0
57, 0
57, 0
57, 0
57, 0
57, 0
57, 0
57, 0
57, 0
57, 0
57, 0
57, 0
57, 0
57, 0
57, 0
57, 0
57, 0
57, 0
57, 0
57, 0
57, 0
57, 0
57, 0
57, 0
57, 0
57, 0
57, 0
57, 0
57, 0
57, 0
57, 0
57, 0
57, 0
57, 0
57, 0
57, 0
57, 0
58, 1
58, 1
58, 1
58, 1
58, 1
58, 1
58, 1
58, 1
58, 1
58, 1
59, 0
59, 0
60, 1
60, 1
60, 1
60, 1
60, 1
60, 1
60, 1
60, 1
60, 1
60, 1
61, 0
61, 0
61, 0
61, 0
61, 0
61, 0
61, 0
61, 0
61, 0
61, 0
61, 0
61, 0
61, 0
61, 0
61, 0
61, 0
61, 0
61, 0
61, 0
61, 0
61, 0
61, 0
61, 0
61, 0
61, 0
61, 0
61, 0
61, 0
61, 0
61, 0
61, 0
61, 0
61, 0
61, 0
61, 0
61, 0
61, 0
61, 0
61, 0
61, 0
61, 0
61, 0
61, 0
61, 0
61, 0
61, 0
61, 0
61, 0
61, 0
61, 0
61, 0
61, 0
61, 0
61, 0
61, 0
61, 0
61, 0
61, 0
61, 0
61, 0
61, 0
61, 0
61, 0
61, 0
61, 0
61, 0
61, 0
61, 0
61, 0
61, 0
61, 0
61, 0
61, 0
61, 0
61, 0
61, 0
61, 0
61, 0
61, 0
61, 0
61, 0
61, 0
61, 0
61, 0
61, 0
61, 0
61, 0
61, 0
61, 0
61, 0
61, 0
61, 0
61, 0
61, 0
61, 0
61, 0
61, 0
61, 0
61, 0
61, 0
62, 1
62, 1
62, 1
62, 1
62, 1
62, 1
62, 1
62, 1
62, 1
62, 1
63, 0
63, 0
63, 0
63, 0
63, 0
63, 0
63, 0
63, 0
63, 0
63, 0
63, 0
63, 0
63, 0
63, 0
63, 0
63, 0
63, 0
63, 0
63, 0
63, 0
63, 0
63, 0
63, 0
63, 0
63, 0
63, 0
63, 0
63, 0
63, 0
63, 0
63, 0
63, 0
63, 0
63, 0
63, 0
63, 0
63, 0
63, 0
63, 0
63, 0
63, 0
63, 0
63, 0
63, 0
63, 0
63, 0
63, 0
63, 0
63, 0
63, 0
63, 0
63, 0
63, 0
63, 0
63, 0
63, 0
63, 0
63, 0
63, 0
63, 0
63, 0
63, 0
63, 0
63, 0
63, 0
63, 0
63, 0
63, 0
63, 0
63, 0
63, 0
63, 0
63, 0
63, 0
63, 0
63, 0
63, 0
63, 0
63, 0
63, 0
63, 0
63, 0
63, 0
63, 0
63, 0
63, 0
63, 0
63, 0
63, 0
63, 0
63, 0
63, 0
63, 0
63, 0
63, 0
63, 0
63, 0
63, 0
63, 0
63, 0
64, 0
64, 0
64, 0
64, 0
64, 0
64, 0
64, 0
64, 0
64, 0
64, 0
64, 0
64, 0
64, 0
64, 0
64, 0
64, 0
64, 0
64, 0
64, 0
64, 0
64, 0
64, 0
64, 0
64, 0
64, 0
64, 0
64, 0
64, 0
64, 0
64, 0
64, 0
64, 0
64, 0
64, 0
64, 0
64, 0
64, 0
64, 0
64, 0
64, 0
64, 0
64, 0
64, 0
64, 0
64, 0
64, 0
64, 0
64, 0
64, 0
64, 0
64, 0
64, 0
64, 0
64, 0
64, 0
64, 0
64, 0
64, 0
64, 0
64, 0
64, 0
64, 0
64, 0
64, 0
64, 0
64, 0
64, 0
64, 0
64, 0
64, 0
64, 0
64, 0
64, 0
64, 0
64, 0
64, 0
64, 0
64, 0
64, 0
64, 0
64, 0
64, 0
64, 0
64, 0
64, 0
64, 0
64, 0
64, 0
64, 0
64, 0
64, 0
64, 0
64, 0
64, 0
64, 0
64, 0
64, 0
64, 0
64, 0
64, 0
65, 0
65, 0
65, 0
65, 0
65, 0
65, 0
65, 0
65, 0
65, 0
65, 0
65, 0
65, 0
65, 0
65, 0
65, 0
65, 0
65, 0
65, 0
65, 0
65, 0
65, 0
65, 0
65, 0
65, 0
65, 0
65, 0
65, 0
65, 0
65, 0
65, 0
65, 0
65, 0
65, 0
65, 0
65, 0
65, 0
65, 0
65, 0
65, 0
65, 0
65, 0
65, 0
65, 0
65, 0
65, 0
65, 0
65, 0
65, 0
65, 0
65, 0
65, 0
65, 0
65, 0
65, 0
65, 0
65, 0
65, 0
65, 0
65, 0
65, 0
65, 0
65, 0
65, 0
65, 0
65, 0
65, 0
65, 0
65, 0
65, 0
65, 0
65, 0
65, 0
65, 0
65, 0
65, 0
65, 0
65, 0
65, 0
65, 0
65, 0
65, 0
65, 0
65, 0
65, 0
65, 0
65, 0
65, 0
65, 0
65, 0
65, 0
65, 0
65, 0
65, 0
65, 0
65, 0
65, 0
65, 0
65, 0
65, 0
65, 0
66, 0
66, 0
66, 0
66, 0
66, 0
66, 0
66, 0
66, 0
66, 0
66, 0
66, 0
66, 0
66, 0
66, 0
66, 0
66, 0
66, 0
66, 0
66, 0
66, 0
66, 0
66, 0
66, 0
66, 0
66, 0
66, 0
66, 0
66, 0
66, 0
66, 0
66, 0
66, 0
66, 0
66, 0
66, 0
66, 0
66, 0
66, 0
66, 0
66, 0
66, 0
66, 0
66, 0
66, 0
66, 0
66, 0
66, 0
66, 0
66, 0
66, 0
66, 0
66, 0
66, 0
66, 0
66, 0
66, 0
66, 0
66, 0
66, 0
66, 0
66, 0
66, 0
66, 0
66, 0
66, 0
66, 0
66, 0
66, 0
66, 0
66, 0
66, 0
66, 0
66, 0
66, 0
66, 0
66, 0
66, 0
66, 0
66, 0
66, 0
66, 0
66, 0
66, 0
66, 0
66, 0
66, 0
66, 0
66, 0
66, 0
66, 0
66, 0
66, 0
66, 0
66, 0
66, 0
66, 0
66, 0
66, 0
66, 0
66, 0
67, 1
67, 1
67, 1
67, 1
67, 1
67, 1
67, 1
67, 1
67, 1
68, 1
68, 1
68, 1
68, 1
68, 1
68, 1
68, 1
68, 1
68, 1
68, 1
69, 1
69, 1
69, 1
69, 1
69, 1
69, 1
69, 1
69, 1
69, 1
69, 1
70, 1
70, 1
70, 1
70, 1
70, 1
70, 1
70, 1
70, 1
70, 1
70, 1
71, 0
71, 0
71, 0
71, 0
71, 0
71, 0
71, 0
71, 0
71, 0
71, 0
71, 0
71, 0
71, 0
71, 0
71, 0
71, 0
71, 0
71, 0
71, 0
71, 0
71, 0
71, 0
71, 0
71, 0
71, 0
71, 0
71, 0
71, 0
71, 0
71, 0
71, 0
71, 0
71, 0
71, 0
71, 0
71, 0
71, 0
71, 0
71, 0
71, 0
71, 0
71, 0
71, 0
71, 0
71, 0
71, 0
71, 0
71, 0
71, 0
71, 0
71, 0
71, 0
71, 0
71, 0
71, 0
71, 0
71, 0
71, 0
71, 0
71, 0
71, 0
71, 0
71, 0
71, 0
71, 0
71, 0
71, 0
71, 0
71, 0
71, 0
71, 0
71, 0
71, 0
71, 0
71, 0
71, 0
71, 0
71, 0
71, 0
71, 0
71, 0
71, 0
71, 0
71, 0
71, 0
71, 0
71, 0
71, 0
71, 0
71, 0
71, 0
71, 0
71, 0
71, 0
71, 0
71, 0
71, 0
71, 0
71, 0
71, 0
72, 0
72, 0
72, 0
72, 0
72, 0
72, 0
72, 0
72, 0
72, 0
72, 0
72, 0
72, 0
72, 0
72, 0
72, 0
72, 0
72, 0
72, 0
72, 0
72, 0
72, 0
72, 0
72, 0
72, 0
72, 0
72, 0
72, 0
72, 0
72, 0
72, 0
72, 0
72, 0
72, 0
72, 0
72, 0
72, 0
72, 0
72, 0
72, 0
72, 0
72, 0
72, 0
72, 0
72, 0
72, 0
72, 0
72, 0
72, 0
72, 0
72, 0
72, 0
72, 0
72, 0
72, 0
72, 0
72, 0
72, 0
72, 0
72, 0
72, 0
72, 0
72, 0
72, 0
72, 0
72, 0
72, 0
72, 0
72, 0
72, 0
72, 0
72, 0
72, 0
72, 0
72, 0
72, 0
72, 0
72, 0
72, 0
72, 0
72, 0
72, 0
72, 0
72, 0
72, 0
72, 0
72, 0
72, 0
72, 0
72, 0
72, 0
72, 0
72, 0
72, 0
72, 0
72, 0
72, 0
72, 0
72, 0
72, 0
72, 0
73, 0
73, 0
73, 0
73, 0
73, 0
73, 0
73, 0
73, 0
73, 0
73, 0
73, 0
73, 0
73, 0
73, 0
73, 0
73, 0
73, 0
73, 0
73, 0
73, 0
73, 0
73, 0
73, 0
73, 0
73, 0
73, 0
73, 0
74, 1
74, 1
74, 1
74, 1
74, 1
74, 1
74, 1
74, 1
74, 1
74, 1
75, 0
75, 0
75, 0
75, 0
75, 0
75, 0
75, 0
75, 0
75, 0
75, 0
75, 0
75, 0
75, 0
75, 0
75, 0
75, 0
75, 0
75, 0
75, 0
75, 0
75, 0
75, 0
75, 0
75, 0
75, 0
75, 0
75, 0
75, 0
75, 0
75, 0
75, 0
75, 0
75, 0
75, 0
75, 0
75, 0
75, 0
75, 0
75, 0
75, 0
75, 0
75, 0
75, 0
75, 0
75, 0
75, 0
75, 0
75, 0
75, 0
75, 0
75, 0
75, 0
75, 0
75, 0
75, 0
75, 0
75, 0
75, 0
75, 0
75, 0
75, 0
75, 0
75, 0
75, 0
75, 0
75, 0
75, 0
75, 0
75, 0
75, 0
75, 0
75, 0
75, 0
75, 0
75, 0
75, 0
75, 0
75, 0
75, 0
75, 0
75, 0
75, 0
75, 0
75, 0
75, 0
75, 0
75, 0
75, 0
75, 0
75, 0
75, 0
75, 0
75, 0
75, 0
75, 0
75, 0
75, 0
75, 0
75, 0
75, 0
76, 0
76, 0
76, 0
76, 0
76, 0
76, 0
76, 0
76, 0
76, 0
76, 0
76, 0
76, 0
76, 0
76, 0
76, 0
76, 0
76, 0
76, 0
76, 0
76, 0
76, 0
76, 0
76, 0
76, 0
76, 0
76, 0
76, 0
76, 0
76, 0
76, 0
76, 0
76, 0
76, 0
76, 0
76, 0
76, 0
76, 0
76, 0
77, 0
77, 0
77, 0
77, 0
77, 0
77, 0
77, 0
77, 0
77, 0
77, 0
77, 0
77, 0
77, 0
77, 0
77, 0
77, 0
77, 0
77, 0
77, 0
77, 0
77, 0
77, 0
77, 0
77, 0
77, 0
77, 0
77, 0
77, 0
77, 0
77, 0
77, 0
77, 0
77, 0
77, 0
77, 0
77, 0
77, 0
77, 0
77, 0
77, 0
77, 0
77, 0
77, 0
77, 0
77, 0
77, 0
77, 0
77, 0
77, 0
77, 0
77, 0
77, 0
77, 0
77, 0
77, 0
77, 0
77, 0
77, 0
77, 0
77, 0
77, 0
77, 0
77, 0
77, 0
77, 0
77, 0
77, 0
77, 0
77, 0
77, 0
77, 0
77, 0
77, 0
77, 0
77, 0
77, 0
77, 0
77, 0
77, 0
77, 0
77, 0
77, 0
77, 0
77, 0
77, 0
77, 0
77, 0
77, 0
77, 0
77, 0
77, 0
77, 0
77, 0
77, 0
77, 0
77, 0
77, 0
77, 0
77, 0
77, 0
78, 0
78, 0
79, 0
80, 1
80, 1
80, 1
80, 1
80, 1
80, 1
80, 1
80, 1
80, 1
80, 1
81, 1
81, 1
81, 1
81, 1
81, 1
81, 1
81, 1
81, 1
81, 1
81, 1
82, 0
82, 0
82, 0
82, 0
82, 0
82, 0
82, 0
82, 0
82, 0
82, 0
82, 0
82, 0
82, 0
82, 0
82, 0
82, 0
82, 0
82, 0
82, 0
82, 0
82, 0
82, 0
82, 0
82, 0
82, 0
82, 0
82, 0
82, 0
82, 0
82, 0
82, 0
82, 0
82, 0
82, 0
82, 0
82, 0
82, 0
82, 0
82, 0
82, 0
82, 0
82, 0
82, 0
82, 0
82, 0
82, 0
82, 0
82, 0
82, 0
82, 0
82, 0
82, 0
82, 0
82, 0
82, 0
82, 0
82, 0
82, 0
82, 0
82, 0
82, 0
82, 0
82, 0
82, 0
82, 0
82, 0
82, 0
82, 0
82, 0
82, 0
82, 0
82, 0
82, 0
82, 0
82, 0
82, 0
82, 0
82, 0
82, 0
82, 0
82, 0
82, 0
82, 0
82, 0
82, 0
82, 0
82, 0
82, 0
82, 0
82, 0
82, 0
82, 0
82, 0
82, 0
82, 0
82, 0
82, 0
82, 0
82, 0
82, 0
83, 1
83, 1
83, 1
83, 1
83, 1
83, 1
83, 1
83, 1
83, 1
83, 1
84, 0
84, 0
84, 0
84, 0
84, 0
84, 0
84, 0
84, 0
84, 0
84, 0
84, 0
84, 0
84, 0
84, 0
84, 0
84, 0
84, 0
84, 0
84, 0
84, 0
84, 0
84, 0
84, 0
84, 0
84, 0
84, 0
84, 0
84, 0
84, 0
84, 0
84, 0
84, 0
84, 0
84, 0
84, 0
84, 0
84, 0
84, 0
84, 0
84, 0
84, 0
84, 0
84, 0
84, 0
84, 0
84, 0
84, 0
84, 0
84, 0
84, 0
84, 0
84, 0
84, 0
84, 0
84, 0
84, 0
84, 0
84, 0
84, 0
84, 0
84, 0
84, 0
84, 0
84, 0
84, 0
84, 0
84, 0
84, 0
84, 0
84, 0
84, 0
84, 0
84, 0
84, 0
84, 0
84, 0
84, 0
84, 0
84, 0
84, 0
84, 0
84, 0
84, 0
84, 0
84, 0
84, 0
84, 0
84, 0
84, 0
84, 0
84, 0
84, 0
84, 0
84, 0
84, 0
84, 0
84, 0
84, 0
84, 0
84, 0
85, 1
85, 1
85, 1
85, 1
85, 1
85, 1
85, 1
85, 1
85, 1
85, 1
86, 0
86, 0
86, 0
86, 0
86, 0
86, 0
86, 0
86, 0
86, 0
86, 0
86, 0
86, 0
86, 0
86, 0
86, 0
86, 0
86, 0
86, 0
86, 0
86, 0
86, 0
86, 0
86, 0
86, 0
86, 0
86, 0
86, 0
86, 0
86, 0
86, 0
86, 0
86, 0
86, 0
86, 0
86, 0
86, 0
86, 0
86, 0
86, 0
86, 0
86, 0
86, 0
86, 0
86, 0
86, 0
86, 0
86, 0
86, 0
86, 0
86, 0
86, 0
86, 0
86, 0
86, 0
86, 0
86, 0
86, 0
86, 0
86, 0
86, 0
86, 0
86, 0
86, 0
86, 0
86, 0
86, 0
86, 0
86, 0
86, 0
86, 0
86, 0
86, 0
86, 0
86, 0
86, 0
86, 0
86, 0
86, 0
86, 0
86, 0
86, 0
86, 0
86, 0
86, 0
86, 0
86, 0
86, 0
86, 0
86, 0
86, 0
86, 0
86, 0
86, 0
86, 0
86, 0
86, 0
86, 0
86, 0
86, 0
86, 0
87, 1
87, 1
87, 1
87, 1
87, 1
87, 1
87, 1
87, 1
87, 1
87, 1
88, 1
88, 1
88, 1
88, 1
88, 1
88, 1
88, 1
88, 1
88, 1
88, 1
89, 0
89, 0
89, 0
89, 0
89, 0
89, 0
89, 0
89, 0
89, 0
89, 0
89, 0
89, 0
89, 0
89, 0
89, 0
89, 0
89, 0
89, 0
89, 0
89, 0
89, 0
89, 0
89, 0
89, 0
89, 0
89, 0
89, 0
89, 0
89, 0
89, 0
89, 0
89, 0
89, 0
89, 0
89, 0
89, 0
89, 0
89, 0
89, 0
89, 0
89, 0
89, 0
89, 0
89, 0
89, 0
89, 0
89, 0
89, 0
89, 0
89, 0
89, 0
89, 0
89, 0
89, 0
89, 0
89, 0
89, 0
89, 0
89, 0
89, 0
89, 0
89, 0
89, 0
89, 0
89, 0
89, 0
89, 0
89, 0
89, 0
89, 0
89, 0
89, 0
89, 0
89, 0
89, 0
89, 0
89, 0
89, 0
89, 0
89, 0
89, 0
89, 0
89, 0
89, 0
89, 0
89, 0
89, 0
89, 0
89, 0
89, 0
89, 0
89, 0
89, 0
89, 0
89, 0
89, 0
89, 0
89, 0
89, 0
89, 0
90, 0
90, 0
90, 0
90, 0
90, 0
90, 0
90, 0
90, 0
90, 0
90, 0
90, 0
90, 0
90, 0
90, 0
90, 0
90, 0
90, 0
90, 0
90, 0
90, 0
90, 0
90, 0
90, 0
90, 0
90, 0
90, 0
90, 0
90, 0
90, 0
90, 0
90, 0
90, 0
90, 0
90, 0
90, 0
90, 0
90, 0
90, 0
90, 0
90, 0
90, 0
90, 0
90, 0
90, 0
90, 0
90, 0
90, 0
90, 0
90, 0
90, 0
90, 0
90, 0
90, 0
90, 0
90, 0
90, 0
90, 0
90, 0
90, 0
90, 0
90, 0
90, 0
90, 0
90, 0
90, 0
90, 0
90, 0
90, 0
90, 0
90, 0
90, 0
90, 0
90, 0
90, 0
90, 0
90, 0
90, 0
90, 0
90, 0
90, 0
90, 0
90, 0
90, 0
90, 0
90, 0
90, 0
90, 0
90, 0
90, 0
90, 0
90, 0
90, 0
90, 0
90, 0
90, 0
90, 0
90, 0
90, 0
90, 0
90, 0
91, 1
91, 1
91, 1
91, 1
91, 1
91, 1
91, 1
91, 1
91, 1
91, 1
92, 1
92, 1
92, 1
92, 1
92, 1
92, 1
92, 1
92, 1
92, 1
92, 1
93, 0
94, 1
94, 1
94, 1
94, 1
94, 1
94, 1
94, 1
94, 1
94, 1
94, 1
95, 1
95, 1
95, 1
95, 1
95, 1
95, 1
95, 1
95, 1
95, 1
95, 1
96, 1
96, 1
96, 1
96, 1
96, 1
96, 1
96, 1
96, 1
96, 1
96, 1
97, 1
97, 1
97, 1
97, 1
97, 1
97, 1
97, 1
97, 1
97, 1
97, 1
98, 0
98, 0
98, 0
98, 0
98, 0
98, 0
98, 0
98, 0
98, 0
98, 0
98, 0
98, 0
98, 0
98, 0
98, 0
98, 0
98, 0
98, 0
98, 0
98, 0
98, 0
98, 0
98, 0
98, 0
98, 0
98, 0
98, 0
98, 0
98, 0
98, 0
98, 0
98, 0
98, 0
98, 0
98, 0
98, 0
98, 0
98, 0
98, 0
98, 0
98, 0
98, 0
98, 0
98, 0
98, 0
98, 0
98, 0
98, 0
98, 0
98, 0
98, 0
98, 0
98, 0
98, 0
98, 0
98, 0
98, 0
98, 0
98, 0
98, 0
98, 0
98, 0
98, 0
98, 0
98, 0
98, 0
98, 0
98, 0
98, 0
98, 0
98, 0
98, 0
98, 0
98, 0
98, 0
98, 0
98, 0
98, 0
98, 0
98, 0
98, 0
98, 0
98, 0
98, 0
98, 0
98, 0
98, 0
98, 0
98, 0
98, 0
98, 0
98, 0
98, 0
98, 0
98, 0
98, 0
98, 0
98, 0
98, 0
98, 0
99, 0
99, 0
99, 0
99, 0
99, 0
99, 0
99, 0
99, 0
99, 0
99, 0
99, 0
99, 0
99, 0
99, 0
99, 0
99, 0
99, 0
99, 0
99, 0
99, 0
99, 0
99, 0
99, 0
99, 0
99, 0
99, 0
99, 0
99, 0
99, 0
99, 0
99, 0
99, 0
99, 0
99, 0
99, 0
99, 0
99, 0
99, 0
99, 0
99, 0
99, 0
99, 0
99, 0
99, 0
99, 0
99, 0
99, 0
99, 0
99, 0
99, 0
99, 0
99, 0
99, 0
99, 0
99, 0
99, 0
99, 0
99, 0
99, 0
99, 0
99, 0
99, 0
99, 0
99, 0
99, 0
99, 0
99, 0
99, 0
99, 0
99, 0
99, 0
99, 0
99, 0
99, 0
99, 0
99, 0
99, 0
99, 0
99, 0
99, 0
99, 0
99, 0
99, 0
99, 0
99, 0
99, 0
99, 0
99, 0
99, 0
99, 0
99, 0
99, 0
99, 0
99, 0
99, 0
99, 0
99, 0
99, 0
99, 0
99, 0
