0, 0
0, 0
0, 0
0, 0
0, 0
0, 0
0, 0
0, 0
0, 0
0, 0
0, 0
0, 0
0, 0
0, 0
0, 0
0, 0
0, 0
0, 0
0, 0
0, 0
0, 0
0, 0
0, 0
0, 0
0, 0
0, 0
0, 0
0, 0
0, 0
0, 0
0, 0
0, 0
0, 0
0, 0
0, 0
0, 0
0, 0
0, 0
0, 0
0, 0
0, 0
0, 0
0, 0
0, 0
0, 0
0, 0
0, 0
0, 0
0, 0
0, 0
0, 0
0, 0
0, 0
0, 0
0, 0
0, 0
0, 0
0, 0
0, 0
0, 0
0, 0
0, 0
0, 0
0, 0
0, 0
0, 0
0, 0
0, 0
0, 0
0, 0
0, 0
0, 0
0, 0
0, 0
0, 0
0, 0
0, 0
0, 0
0, 0
1, 1
1, 1
1, 1
1, 1
1, 1
1, 1
1, 1
1, 1
1, 1
1, 1
2, 0
3, 1
3, 1
3, 1
3, 1
3, 1
3, 1
3, 1
3, 1
3, 1
3, 1
4, 0
5, 1
5, 1
5, 1
5, 1
5, 1
5, 1
5, 1
5, 1
5, 1
5, 1
6, 1
6, 1
6, 1
6, 1
6, 1
6, 1
6, 1
6, 1
6, 1
6, 1
7, 0
7, 0
7, 0
7, 0
7, 0
7, 0
7, 0
7, 0
7, 0
7, 0
7, 0
7, 0
7, 0
7, 0
7, 0
7, 0
7, 0
7, 0
7, 0
7, 0
7, 0
7, 0
7, 0
7, 0
7, 0
7, 0
7, 0
7, 0
7, 0
7, 0
7, 0
7, 0
7, 0
7, 0
7, 0
7, 0
7, 0
7, 0
7, 0
7, 0
7, 0
7, 0
7, 0
7, 0
7, 0
7, 0
7, 0
7, 0
7, 0
7, 0
7, 0
7, 0
7, 0
7, 0
7, 0
7, 0
7, 0
7, 0
7, 0
7, 0
7, 0
7, 0
7, 0
7, 0
7, 0
7, 0
7, 0
7, 0
7, 0
7, 0
7, 0
7, 0
7, 0
7, 0
7, 0
7, 0
7, 0
7, 0
7, 0
7, 0
7, 0
7, 0
7, 0
7, 0
7, 0
7, 0
7, 0
7, 0
7, 0
7, 0
7, 0
7, 0
7, 0
7, 0
7, 0
7, 0
7, 0
7, 0
7, 0
7, 0
8, 0
8, 0
8, 0
8, 0
8, 0
8, 0
8, 0
8, 0
8, 0
8, 0
8, 0
8, 0
8, 0
8, 0
8, 0
8, 0
8, 0
8, 0
8, 0
8, 0
8, 0
8, 0
8, 0
8, 0
8, 0
8, 0
8, 0
8, 0
8, 0
8, 0
8, 0
8, 0
9, 0
9, 0
9, 0
9, 0
9, 0
9, 0
9, 0
9, 0
9, 0
9, 0
9, 0
9, 0
9, 0
9, 0
9, 0
9, 0
9, 0
9, 0
9, 0
9, 0
9, 0
9, 0
9, 0
9, 0
9, 0
9, 0
9, 0
9, 0
9, 0
9, 0
9, 0
9, 0
9, 0
9, 0
9, 0
9, 0
9, 0
9, 0
9, 0
9, 0
9, 0
9, 0
9, 0
9, 0
9, 0
9, 0
9, 0
9, 0
9, 0
9, 0
9, 0
9, 0
9, 0
9, 0
9, 0
9, 0
9, 0
9, 0
9, 0
9, 0
9, 0
9, 0
9, 0
9, 0
9, 0
9, 0
9, 0
9, 0
9, 0
9, 0
9, 0
9, 0
9, 0
9, 0
9, 0
9, 0
9, 0
9, 0
9, 0
9, 0
9, 0
9, 0
9, 0
9, 0
9, 0
9, 0
9, 0
9, 0
9, 0
9, 0
9, 0
9, 0
9, 0
9, 0
9, 0
9, 0
9, 0
9, 0
9, 0
9, 0
10, 1
10, 1
10, 1
10, 1
10, 1
10, 1
10, 1
10, 1
10, 1
10, 1
11, 0
11, 0
11, 0
11, 0
11, 0
11, 0
11, 0
11, 0
11, 0
11, 0
11, 0
11, 0
11, 0
11, 0
11, 0
11, 0
11, 0
11, 0
11, 0
11, 0
11, 0
11, 0
11, 0
11, 0
11, 0
11, 0
11, 0
11, 0
11, 0
11, 0
11, 0
11, 0
11, 0
11, 0
11, 0
11, 0
11, 0
11, 0
11, 0
11, 0
11, 0
11, 0
11, 0
11, 0
11, 0
11, 0
11, 0
11, 0
11, 0
11, 0
11, 0
11, 0
11, 0
11, 0
11, 0
11, 0
11, 0
11, 0
11, 0
11, 0
11, 0
11, 0
11, 0
11, 0
11, 0
11, 0
11, 0
11, 0
11, 0
11, 0
11, 0
11, 0
11, 0
11, 0
11, 0
11, 0
11, 0
11, 0
11, 0
11, 0
11, 0
11, 0
11, 0
11, 0
11, 0
11, 0
11, 0
11, 0
11, 0
11, 0
11, 0
11, 0
11, 0
11, 0
11, 0
11, 0
11, 0
11, 0
11, 0
11, 0
12, 0
12, 0
12, 0
12, 0
12, 0
12, 0
12, 0
12, 0
12, 0
12, 0
12, 0
12, 0
12, 0
12, 0
12, 0
12, 0
12, 0
12, 0
12, 0
12, 0
12, 0
12, 0
12, 0
12, 0
12, 0
12, 0
12, 0
12, 0
12, 0
12, 0
12, 0
12, 0
12, 0
12, 0
12, 0
12, 0
12, 0
12, 0
12, 0
12, 0
12, 0
12, 0
12, 0
12, 0
12, 0
12, 0
12, 0
12, 0
12, 0
12, 0
12, 0
12, 0
12, 0
12, 0
12, 0
12, 0
12, 0
12, 0
12, 0
12, 0
12, 0
12, 0
12, 0
12, 0
12, 0
12, 0
12, 0
12, 0
12, 0
12, 0
12, 0
12, 0
12, 0
12, 0
12, 0
12, 0
12, 0
12, 0
12, 0
12, 0
12, 0
12, 0
12, 0
12, 0
12, 0
12, 0
12, 0
12, 0
12, 0
12, 0
12, 0
12, 0
12, 0
12, 0
12, 0
12, 0
12, 0
12, 0
12, 0
12, 0
13, 1
13, 1
13, 1
13, 1
13, 1
13, 1
13, 1
13, 1
13, 1
13, 1
14, 1
14, 1
14, 1
14, 1
14, 1
14, 1
14, 1
14, 1
14, 1
14, 1
15, 1
15, 1
15, 1
15, 1
15, 1
15, 1
15, 1
15, 1
15, 1
15, 1
16, 1
16, 1
16, 1
16, 1
16, 1
16, 1
16, 1
16, 1
16, 1
16, 1
17, 1
17, 1
17, 1
17, 1
17, 1
17, 1
17, 1
17, 1
17, 1
17, 1
18, 0
18, 0
18, 0
18, 0
18, 0
18, 0
18, 0
18, 0
18, 0
18, 0
18, 0
18, 0
18, 0
18, 0
18, 0
18, 0
18, 0
18, 0
18, 0
18, 0
18, 0
18, 0
18, 0
18, 0
18, 0
18, 0
18, 0
18, 0
18, 0
18, 0
18, 0
18, 0
18, 0
18, 0
18, 0
18, 0
18, 0
18, 0
18, 0
18, 0
18, 0
18, 0
18, 0
18, 0
18, 0
18, 0
18, 0
18, 0
18, 0
18, 0
18, 0
18, 0
18, 0
18, 0
18, 0
18, 0
18, 0
18, 0
18, 0
18, 0
18, 0
18, 0
18, 0
18, 0
18, 0
18, 0
18, 0
18, 0
18, 0
18, 0
18, 0
18, 0
18, 0
18, 0
18, 0
18, 0
18, 0
18, 0
18, 0
18, 0
18, 0
18, 0
18, 0
18, 0
18, 0
18, 0
18, 0
18, 0
18, 0
18, 0
18, 0
18, 0
18, 0
18, 0
18, 0
18, 0
18, 0
18, 0
18, 0
18, 0
19, 1
19, 1
19, 1
19, 1
19, 1
19, 1
19, 1
19, 1
19, 1
19, 1
20, 0
20, 0
20, 0
20, 0
20, 0
20, 0
20, 0
20, 0
20, 0
20, 0
20, 0
20, 0
20, 0
20, 0
20, 0
20, 0
20, 0
20, 0
20, 0
20, 0
20, 0
20, 0
20, 0
20, 0
20, 0
20, 0
20, 0
20, 0
20, 0
20, 0
20, 0
20, 0
20, 0
20, 0
20, 0
20, 0
20, 0
20, 0
20, 0
20, 0
20, 0
20, 0
20, 0
20, 0
20, 0
20, 0
20, 0
20, 0
20, 0
20, 0
20, 0
20, 0
20, 0
20, 0
20, 0
20, 0
20, 0
20, 0
20, 0
20, 0
20, 0
20, 0
20, 0
20, 0
20, 0
20, 0
20, 0
20, 0
20, 0
20, 0
20, 0
20, 0
20, 0
20, 0
20, 0
20, 0
20, 0
20, 0
20, 0
20, 0
20, 0
20, 0
20, 0
20, 0
20, 0
20, 0
20, 0
20, 0
20, 0
20, 0
20, 0
20, 0
20, 0
20, 0
20, 0
20, 0
20, 0
20, 0
20, 0
20, 0
21, 0
21, 0
21, 0
21, 0
21, 0
21, 0
21, 0
21, 0
21, 0
21, 0
21, 0
21, 0
21, 0
21, 0
21, 0
21, 0
21, 0
21, 0
21, 0
21, 0
21, 0
21, 0
21, 0
21, 0
21, 0
21, 0
21, 0
21, 0
21, 0
21, 0
21, 0
21, 0
21, 0
21, 0
21, 0
21, 0
21, 0
21, 0
21, 0
21, 0
21, 0
21, 0
21, 0
21, 0
21, 0
21, 0
21, 0
21, 0
21, 0
21, 0
21, 0
21, 0
21, 0
21, 0
21, 0
21, 0
21, 0
21, 0
21, 0
21, 0
21, 0
21, 0
21, 0
21, 0
21, 0
21, 0
21, 0
21, 0
21, 0
21, 0
21, 0
21, 0
21, 0
21, 0
21, 0
21, 0
21, 0
21, 0
21, 0
21, 0
21, 0
21, 0
21, 0
21, 0
21, 0
21, 0
21, 0
21, 0
21, 0
21, 0
21, 0
21, 0
21, 0
21, 0
21, 0
21, 0
21, 0
21, 0
21, 0
21, 0
22, 1
22, 1
22, 1
22, 1
22, 1
22, 1
22, 1
22, 1
22, 1
22, 1
23, 1
23, 1
23, 1
23, 1
23, 1
23, 1
23, 1
23, 1
23, 1
23, 1
24, 0
24, 0
24, 0
24, 0
24, 0
24, 0
24, 0
24, 0
24, 0
24, 0
24, 0
24, 0
24, 0
24, 0
24, 0
24, 0
24, 0
24, 0
24, 0
24, 0
24, 0
24, 0
24, 0
24, 0
24, 0
24, 0
24, 0
24, 0
24, 0
24, 0
24, 0
24, 0
24, 0
24, 0
24, 0
24, 0
24, 0
24, 0
24, 0
24, 0
24, 0
24, 0
24, 0
24, 0
24, 0
24, 0
24, 0
24, 0
24, 0
24, 0
24, 0
24, 0
24, 0
24, 0
24, 0
24, 0
24, 0
24, 0
24, 0
24, 0
24, 0
24, 0
24, 0
24, 0
24, 0
24, 0
24, 0
24, 0
24, 0
24, 0
24, 0
24, 0
24, 0
24, 0
24, 0
24, 0
24, 0
24, 0
24, 0
24, 0
24, 0
24, 0
24, 0
24, 0
24, 0
24, 0
24, 0
24, 0
24, 0
24, 0
24, 0
24, 0
24, 0
24, 0
24, 0
24, 0
24, 0
24, 0
24, 0
24, 0
25, 0
25, 0
25, 0
25, 0
25, 0
25, 0
25, 0
25, 0
25, 0
25, 0
25, 0
25, 0
25, 0
25, 0
25, 0
25, 0
25, 0
25, 0
25, 0
25, 0
25, 0
25, 0
25, 0
25, 0
25, 0
25, 0
25, 0
25, 0
25, 0
25, 0
25, 0
25, 0
25, 0
25, 0
25, 0
25, 0
25, 0
25, 0
25, 0
25, 0
25, 0
25, 0
25, 0
25, 0
25, 0
25, 0
25, 0
25, 0
25, 0
25, 0
25, 0
25, 0
25, 0
25, 0
25, 0
25, 0
25, 0
25, 0
25, 0
25, 0
25, 0
25, 0
25, 0
25, 0
25, 0
25, 0
25, 0
25, 0
25, 0
25, 0
25, 0
25, 0
25, 0
25, 0
25, 0
25, 0
25, 0
25, 0
25, 0
25, 0
25, 0
25, 0
25, 0
25, 0
25, 0
25, 0
25, 0
25, 0
25, 0
25, 0
25, 0
25, 0
25, 0
25, 0
25, 0
25, 0
25, 0
25, 0
25, 0
25, 0
26, 1
26, 1
26, 1
26, 1
26, 1
26, 1
26, 1
26, 1
26, 1
26, 1
27, 1
27, 1
27, 1
27, 1
27, 1
27, 1
27, 1
27, 1
27, 1
27, 1
28, 0
28, 0
28, 0
28, 0
28, 0
28, 0
28, 0
28, 0
28, 0
28, 0
28, 0
28, 0
28, 0
28, 0
28, 0
28, 0
28, 0
28, 0
28, 0
28, 0
28, 0
28, 0
28, 0
28, 0
28, 0
28, 0
28, 0
28, 0
28, 0
28, 0
28, 0
28, 0
28, 0
28, 0
28, 0
28, 0
28, 0
28, 0
28, 0
28, 0
28, 0
28, 0
28, 0
28, 0
28, 0
28, 0
28, 0
28, 0
28, 0
28, 0
28, 0
28, 0
28, 0
28, 0
28, 0
28, 0
28, 0
28, 0
28, 0
28, 0
28, 0
28, 0
28, 0
28, 0
28, 0
28, 0
28, 0
28, 0
28, 0
28, 0
28, 0
28, 0
28, 0
28, 0
28, 0
28, 0
28, 0
28, 0
28, 0
28, 0
28, 0
28, 0
28, 0
28, 0
28, 0
28, 0
28, 0
28, 0
28, 0
28, 0
28, 0
28, 0
28, 0
28, 0
28, 0
28, 0
28, 0
28, 0
28, 0
28, 0
29, 0
29, 0
29, 0
29, 0
29, 0
29, 0
29, 0
29, 0
29, 0
29, 0
29, 0
29, 0
29, 0
29, 0
29, 0
29, 0
29, 0
29, 0
29, 0
29, 0
29, 0
29, 0
29, 0
29, 0
29, 0
29, 0
29, 0
29, 0
29, 0
29, 0
29, 0
29, 0
29, 0
29, 0
29, 0
29, 0
29, 0
29, 0
29, 0
29, 0
29, 0
29, 0
29, 0
29, 0
29, 0
29, 0
29, 0
29, 0
29, 0
29, 0
29, 0
29, 0
29, 0
29, 0
29, 0
29, 0
29, 0
29, 0
29, 0
29, 0
29, 0
29, 0
29, 0
29, 0
29, 0
29, 0
29, 0
29, 0
29, 0
29, 0
29, 0
29, 0
29, 0
29, 0
29, 0
29, 0
29, 0
29, 0
29, 0
29, 0
29, 0
29, 0
29, 0
29, 0
29, 0
29, 0
29, 0
29, 0
29, 0
29, 0
29, 0
29, 0
29, 0
29, 0
29, 0
29, 0
29, 0
29, 0
29, 0
29, 0
30, 1
30, 1
30, 1
30, 1
30, 1
30, 1
30, 1
30, 1
30, 1
30, 1
31, 0
31, 0
31, 0
31, 0
31, 0
31, 0
31, 0
31, 0
31, 0
31, 0
31, 0
31, 0
31, 0
31, 0
31, 0
31, 0
31, 0
31, 0
31, 0
31, 0
31, 0
31, 0
31, 0
31, 0
31, 0
31, 0
31, 0
31, 0
31, 0
31, 0
31, 0
31, 0
31, 0
31, 0
31, 0
31, 0
31, 0
31, 0
31, 0
31, 0
31, 0
31, 0
31, 0
31, 0
31, 0
31, 0
31, 0
31, 0
31, 0
31, 0
31, 0
31, 0
31, 0
31, 0
31, 0
31, 0
31, 0
31, 0
31, 0
31, 0
31, 0
31, 0
31, 0
31, 0
31, 0
31, 0
31, 0
31, 0
31, 0
31, 0
31, 0
31, 0
31, 0
31, 0
31, 0
31, 0
31, 0
31, 0
31, 0
31, 0
31, 0
31, 0
31, 0
31, 0
31, 0
31, 0
31, 0
31, 0
31, 0
31, 0
31, 0
31, 0
31, 0
31, 0
31, 0
31, 0
31, 0
31, 0
31, 0
31, 0
32, 0
32, 0
32, 0
32, 0
32, 0
32, 0
32, 0
32, 0
32, 0
32, 0
32, 0
32, 0
32, 0
32, 0
32, 0
32, 0
32, 0
32, 0
32, 0
32, 0
32, 0
32, 0
32, 0
32, 0
32, 0
32, 0
32, 0
32, 0
32, 0
32, 0
32, 0
32, 0
32, 0
32, 0
32, 0
32, 0
32, 0
32, 0
32, 0
32, 0
32, 0
32, 0
32, 0
32, 0
32, 0
32, 0
32, 0
32, 0
32, 0
32, 0
32, 0
32, 0
32, 0
32, 0
32, 0
32, 0
32, 0
32, 0
32, 0
32, 0
32, 0
32, 0
32, 0
32, 0
32, 0
32, 0
32, 0
32, 0
32, 0
32, 0
32, 0
32, 0
32, 0
32, 0
32, 0
32, 0
32, 0
32, 0
32, 0
32, 0
32, 0
32, 0
32, 0
32, 0
32, 0
32, 0
32, 0
32, 0
32, 0
32, 0
32, 0
32, 0
32, 0
32, 0
32, 0
32, 0
32, 0
32, 0
32, 0
32, 0
33, 0
34, 1
34, 1
34, 1
34, 1
34, 1
34, 1
34, 1
34, 1
34, 1
34, 1
35, 0
35, 0
35, 0
35, 0
35, 0
35, 0
35, 0
35, 0
35, 0
35, 0
35, 0
35, 0
35, 0
35, 0
35, 0
35, 0
35, 0
35, 0
35, 0
35, 0
35, 0
35, 0
35, 0
35, 0
35, 0
35, 0
35, 0
35, 0
35, 0
35, 0
35, 0
35, 0
35, 0
35, 0
35, 0
35, 0
35, 0
35, 0
35, 0
35, 0
35, 0
35, 0
35, 0
35, 0
35, 0
35, 0
35, 0
35, 0
35, 0
35, 0
35, 0
35, 0
35, 0
35, 0
35, 0
35, 0
35, 0
35, 0
35, 0
35, 0
35, 0
35, 0
35, 0
35, 0
35, 0
35, 0
35, 0
35, 0
35, 0
35, 0
35, 0
35, 0
35, 0
35, 0
35, 0
35, 0
35, 0
35, 0
35, 0
35, 0
35, 0
35, 0
35, 0
35, 0
35, 0
35, 0
35, 0
35, 0
35, 0
35, 0
35, 0
35, 0
35, 0
35, 0
35, 0
35, 0
35, 0
35, 0
35, 0
35, 0
36, 1
36, 1
36, 1
36, 1
36, 1
36, 1
36, 1
36, 1
36, 1
36, 1
37, 1
38, 0
38, 0
38, 0
38, 0
38, 0
38, 0
38, 0
38, 0
38, 0
38, 0
38, 0
38, 0
38, 0
38, 0
38, 0
38, 0
38, 0
38, 0
38, 0
38, 0
38, 0
38, 0
38, 0
38, 0
38, 0
38, 0
38, 0
38, 0
38, 0
38, 0
38, 0
38, 0
38, 0
38, 0
38, 0
38, 0
38, 0
38, 0
38, 0
38, 0
38, 0
38, 0
38, 0
38, 0
38, 0
38, 0
38, 0
38, 0
38, 0
38, 0
38, 0
38, 0
38, 0
38, 0
38, 0
38, 0
38, 0
38, 0
38, 0
38, 0
38, 0
38, 0
38, 0
38, 0
38, 0
38, 0
38, 0
38, 0
38, 0
38, 0
38, 0
38, 0
38, 0
38, 0
38, 0
38, 0
38, 0
38, 0
38, 0
38, 0
38, 0
38, 0
38, 0
38, 0
38, 0
38, 0
38, 0
38, 0
38, 0
38, 0
38, 0
38, 0
38, 0
38, 0
38, 0
38, 0
38, 0
38, 0
38, 0
38, 0
39, 1
39, 1
39, 1
39, 1
39, 1
39, 1
39, 1
39, 1
39, 1
39, 1
40, 0
40, 0
40, 0
40, 0
40, 0
40, 0
40, 0
40, 0
40, 0
40, 0
40, 0
40, 0
40, 0
40, 0
40, 0
40, 0
40, 0
40, 0
40, 0
40, 0
40, 0
40, 0
40, 0
40, 0
40, 0
40, 0
40, 0
40, 0
40, 0
40, 0
40, 0
40, 0
40, 0
40, 0
40, 0
40, 0
40, 0
40, 0
40, 0
40, 0
40, 0
40, 0
40, 0
40, 0
40, 0
40, 0
40, 0
40, 0
40, 0
40, 0
40, 0
40, 0
40, 0
40, 0
40, 0
40, 0
40, 0
40, 0
40, 0
40, 0
40, 0
40, 0
40, 0
40, 0
40, 0
40, 0
40, 0
40, 0
40, 0
40, 0
40, 0
40, 0
40, 0
40, 0
40, 0
40, 0
40, 0
40, 0
40, 0
40, 0
40, 0
40, 0
40, 0
40, 0
40, 0
40, 0
40, 0
40, 0
40, 0
40, 0
40, 0
40, 0
40, 0
40, 0
40, 0
40, 0
40, 0
40, 0
40, 0
40, 0
41, 0
41, 0
41, 0
41, 0
41, 0
41, 0
41, 0
41, 0
41, 0
41, 0
41, 0
41, 0
41, 0
41, 0
41, 0
41, 0
41, 0
41, 0
41, 0
41, 0
41, 0
41, 0
41, 0
41, 0
41, 0
41, 0
41, 0
41, 0
41, 0
41, 0
41, 0
41, 0
41, 0
41, 0
41, 0
41, 0
41, 0
41, 0
41, 0
41, 0
41, 0
41, 0
41, 0
41, 0
41, 0
41, 0
41, 0
41, 0
41, 0
41, 0
41, 0
41, 0
41, 0
41, 0
41, 0
41, 0
41, 0
41, 0
41, 0
41, 0
41, 0
41, 0
41, 0
41, 0
41, 0
41, 0
41, 0
41, 0
41, 0
41, 0
41, 0
41, 0
41, 0
41, 0
41, 0
41, 0
41, 0
41, 0
41, 0
41, 0
41, 0
41, 0
41, 0
41, 0
41, 0
41, 0
41, 0
41, 0
41, 0
41, 0
41, 0
41, 0
41, 0
41, 0
41, 0
41, 0
41, 0
41, 0
41, 0
41, 0
42, 0
42, 0
42, 0
42, 0
42, 0
42, 0
42, 0
42, 0
42, 0
42, 0
42, 0
42, 0
42, 0
42, 0
42, 0
42, 0
42, 0
42, 0
42, 0
42, 0
42, 0
42, 0
42, 0
42, 0
42, 0
42, 0
42, 0
42, 0
42, 0
42, 0
42, 0
42, 0
42, 0
42, 0
42, 0
42, 0
42, 0
42, 0
42, 0
42, 0
42, 0
42, 0
42, 0
42, 0
42, 0
42, 0
42, 0
42, 0
42, 0
42, 0
42, 0
42, 0
42, 0
42, 0
42, 0
42, 0
42, 0
42, 0
42, 0
42, 0
42, 0
42, 0
42, 0
42, 0
42, 0
42, 0
42, 0
42, 0
42, 0
42, 0
42, 0
42, 0
42, 0
42, 0
42, 0
42, 0
42, 0
42, 0
42, 0
42, 0
42, 0
42, 0
42, 0
42, 0
42, 0
42, 0
42, 0
42, 0
42, 0
42, 0
42, 0
42, 0
42, 0
42, 0
42, 0
42, 0
42, 0
42, 0
42, 0
42, 0
43, 1
43, 1
43, 1
43, 1
43, 1
43, 1
43, 1
43, 1
43, 1
43, 1
44, 0
44, 0
44, 0
44, 0
44, 0
44, 0
44, 0
44, 0
44, 0
44, 0
44, 0
44, 0
44, 0
44, 0
44, 0
44, 0
44, 0
44, 0
44, 0
44, 0
44, 0
44, 0
44, 0
44, 0
44, 0
44, 0
44, 0
44, 0
44, 0
44, 0
44, 0
44, 0
44, 0
44, 0
44, 0
44, 0
44, 0
44, 0
44, 0
44, 0
44, 0
44, 0
44, 0
44, 0
44, 0
44, 0
44, 0
44, 0
44, 0
44, 0
44, 0
44, 0
44, 0
44, 0
44, 0
44, 0
44, 0
44, 0
44, 0
44, 0
44, 0
44, 0
44, 0
44, 0
44, 0
44, 0
44, 0
44, 0
44, 0
44, 0
44, 0
44, 0
44, 0
44, 0
44, 0
44, 0
44, 0
44, 0
44, 0
44, 0
44, 0
44, 0
44, 0
44, 0
44, 0
44, 0
44, 0
44, 0
44, 0
44, 0
44, 0
44, 0
44, 0
44, 0
44, 0
44, 0
44, 0
44, 0
44, 0
44, 0
45, 1
45, 1
45, 1
45, 1
45, 1
45, 1
45, 1
45, 1
45, 1
45, 1
46, 0
46, 0
46, 0
46, 0
46, 0
46, 0
46, 0
46, 0
46, 0
46, 0
46, 0
46, 0
46, 0
46, 0
46, 0
46, 0
46, 0
46, 0
46, 0
46, 0
46, 0
46, 0
46, 0
46, 0
46, 0
46, 0
46, 0
46, 0
46, 0
46, 0
46, 0
46, 0
46, 0
46, 0
46, 0
46, 0
46, 0
46, 0
46, 0
46, 0
46, 0
46, 0
46, 0
46, 0
46, 0
46, 0
46, 0
46, 0
46, 0
46, 0
46, 0
46, 0
46, 0
46, 0
46, 0
46, 0
46, 0
46, 0
46, 0
46, 0
46, 0
46, 0
46, 0
46, 0
46, 0
46, 0
46, 0
46, 0
46, 0
46, 0
46, 0
46, 0
46, 0
46, 0
46, 0
46, 0
46, 0
46, 0
46, 0
46, 0
46, 0
46, 0
46, 0
46, 0
46, 0
46, 0
46, 0
46, 0
46, 0
46, 0
46, 0
46, 0
46, 0
46, 0
46, 0
46, 0
46, 0
46, 0
46, 0
46, 0
47, 0
47, 0
47, 0
47, 0
47, 0
47, 0
47, 0
47, 0
47, 0
47, 0
47, 0
47, 0
47, 0
47, 0
47, 0
47, 0
47, 0
47, 0
47, 0
47, 0
47, 0
47, 0
47, 0
47, 0
47, 0
47, 0
47, 0
47, 0
47, 0
47, 0
47, 0
47, 0
47, 0
47, 0
47, 0
47, 0
47, 0
47, 0
47, 0
47, 0
47, 0
47, 0
47, 0
47, 0
47, 0
47, 0
47, 0
47, 0
47, 0
47, 0
47, 0
47, 0
47, 0
47, 0
47, 0
47, 0
47, 0
47, 0
47, 0
47, 0
47, 0
47, 0
47, 0
47, 0
47, 0
47, 0
47, 0
47, 0
47, 0
47, 0
47, 0
47, 0
47, 0
47, 0
47, 0
47, 0
47, 0
47, 0
47, 0
47, 0
47, 0
47, 0
47, 0
47, 0
47, 0
47, 0
47, 0
47, 0
47, 0
47, 0
47, 0
47, 0
47, 0
47, 0
47, 0
47, 0
47, 0
47, 0
47, 0
47, 0
48, 0
48, 0
48, 0
48, 0
48, 0
48, 0
48, 0
48, 0
48, 0
48, 0
48, 0
48, 0
48, 0
48, 0
48, 0
48, 0
48, 0
48, 0
48, 0
48, 0
48, 0
48, 0
48, 0
48, 0
48, 0
48, 0
48, 0
48, 0
48, 0
48, 0
48, 0
48, 0
48, 0
48, 0
48, 0
48, 0
48, 0
48, 0
48, 0
48, 0
48, 0
48, 0
48, 0
48, 0
48, 0
48, 0
48, 0
48, 0
48, 0
48, 0
48, 0
48, 0
48, 0
48, 0
48, 0
48, 0
48, 0
48, 0
48, 0
48, 0
48, 0
48, 0
48, 0
48, 0
48, 0
48, 0
48, 0
48, 0
48, 0
48, 0
48, 0
48, 0
48, 0
48, 0
48, 0
48, 0
48, 0
48, 0
48, 0
48, 0
48, 0
48, 0
48, 0
48, 0
48, 0
48, 0
48, 0
48, 0
48, 0
48, 0
48, 0
48, 0
48, 0
48, 0
48, 0
48, 0
48, 0
48, 0
48, 0
48, 0
49, 0
49, 0
49, 0
49, 0
49, 0
49, 0
49, 0
49, 0
49, 0
49, 0
49, 0
49, 0
49, 0
49, 0
49, 0
49, 0
49, 0
49, 0
49, 0
49, 0
49, 0
49, 0
49, 0
49, 0
49, 0
49, 0
49, 0
49, 0
49, 0
49, 0
49, 0
49, 0
49, 0
49, 0
49, 0
49, 0
49, 0
49, 0
49, 0
49, 0
49, 0
49, 0
49, 0
49, 0
49, 0
49, 0
49, 0
49, 0
49, 0
49, 0
49, 0
49, 0
49, 0
49, 0
49, 0
49, 0
49, 0
49, 0
49, 0
49, 0
49, 0
49, 0
49, 0
49, 0
49, 0
49, 0
49, 0
49, 0
49, 0
49, 0
49, 0
49, 0
49, 0
49, 0
49, 0
49, 0
49, 0
49, 0
49, 0
49, 0
49, 0
49, 0
49, 0
49, 0
49, 0
49, 0
49, 0
49, 0
49, 0
49, 0
49, 0
49, 0
49, 0
49, 0
49, 0
49, 0
49, 0
49, 0
49, 0
49, 0
50, 1
50, 1
50, 1
50, 1
50, 1
50, 1
50, 1
50, 1
50, 1
50, 1
51, 1
51, 1
51, 1
51, 1
51, 1
51, 1
51, 1
51, 1
51, 1
51, 1
52, 1
52, 1
52, 1
52, 1
52, 1
52, 1
52, 1
52, 1
52, 1
52, 1
53, 0
53, 0
53, 0
53, 0
53, 0
53, 0
53, 0
53, 0
53, 0
53, 0
53, 0
53, 0
53, 0
53, 0
53, 0
53, 0
53, 0
53, 0
53, 0
53, 0
53, 0
53, 0
53, 0
53, 0
53, 0
53, 0
53, 0
53, 0
53, 0
53, 0
53, 0
53, 0
53, 0
53, 0
53, 0
53, 0
53, 0
53, 0
53, 0
53, 0
53, 0
53, 0
53, 0
53, 0
53, 0
53, 0
53, 0
53, 0
53, 0
53, 0
53, 0
53, 0
53, 0
53, 0
53, 0
53, 0
53, 0
53, 0
53, 0
53, 0
53, 0
53, 0
53, 0
53, 0
53, 0
53, 0
53, 0
53, 0
53, 0
53, 0
53, 0
53, 0
53, 0
53, 0
53, 0
53, 0
53, 0
53, 0
53, 0
53, 0
53, 0
53, 0
53, 0
53, 0
53, 0
53, 0
53, 0
53, 0
53, 0
53, 0
53, 0
53, 0
53, 0
53, 0
53, 0
53, 0
53, 0
53, 0
53, 0
53, 0
54, 1
54, 1
54, 1
54, 1
54, 1
54, 1
54, 1
54, 1
54, 1
54, 1
55, 1
55, 1
55, 1
55, 1
55, 1
55, 1
55, 1
55, 1
55, 1
55, 1
56, 1
56, 1
56, 1
56, 1
56, 1
56, 1
56, 1
56, 1
56, 1
56, 1
57, 0
57, 0
57, 0
57, 0
57, 0
57, 0
57, 0
57, 0
57, 0
57, 0
57, 0
57, 0
57, 0
57, 0
57, 0
57, 0
57, 0
57, 0
57, 0
57, 0
57, 0
57, 0
57, 0
57, 0
57, 0
57, 0
57, 0
57, 0
57, 0
57, 0
57, 0
57, 0
57, 0
57, 0
57, 0
57, 0
57, 0
57, 0
57, 0
57, 0
57, 0
57, 0
57, 0
57, 0
57, 0
57, 0
57, 0
57, 0
57, 0
57, 0
57, 0
57, 0
57, 0
57, 0
57, 0
57, 0
57, 0
57, 0
57, 0
57, 0
57, 0
57, 0
57, 0
57, 0
57, 0
57, 0
57, 0
57, 0
57, 0
57, 0
57, 0
57, 0
57, 0
57, 0
57, 0
57, 0
57, 0
57, 0
57, 0
57, 0
57, 0
57, 0
57, 0
57, 0
57, 0
57, 0
57, 0
57, 0
57, 0
57, 0
57, 0
57, 0
57, 0
57, 0
57, 0
57, 0
57, 0
57, 0
57, 0
57, 0
58, 0
58, 0
58, 0
58, 0
58, 0
58, 0
58, 0
58, 0
58, 0
58, 0
58, 0
58, 0
58, 0
58, 0
58, 0
58, 0
58, 0
58, 0
58, 0
58, 0
58, 0
58, 0
58, 0
58, 0
58, 0
58, 0
58, 0
58, 0
58, 0
58, 0
58, 0
58, 0
58, 0
58, 0
58, 0
58, 0
58, 0
58, 0
58, 0
58, 0
58, 0
58, 0
58, 0
58, 0
58, 0
58, 0
58, 0
58, 0
58, 0
58, 0
58, 0
58, 0
58, 0
58, 0
58, 0
58, 0
58, 0
58, 0
58, 0
58, 0
58, 0
58, 0
58, 0
58, 0
58, 0
58, 0
58, 0
58, 0
58, 0
58, 0
58, 0
58, 0
58, 0
58, 0
58, 0
58, 0
58, 0
58, 0
58, 0
58, 0
58, 0
58, 0
58, 0
58, 0
58, 0
58, 0
58, 0
58, 0
58, 0
58, 0
58, 0
58, 0
58, 0
58, 0
58, 0
58, 0
58, 0
58, 0
58, 0
58, 0
59, 1
59, 1
59, 1
59, 1
59, 1
59, 1
59, 1
59, 1
59, 1
59, 1
60, 0
60, 0
60, 0
60, 0
60, 0
60, 0
60, 0
60, 0
60, 0
60, 0
60, 0
60, 0
60, 0
60, 0
60, 0
60, 0
60, 0
60, 0
60, 0
60, 0
60, 0
60, 0
60, 0
60, 0
60, 0
60, 0
60, 0
60, 0
60, 0
60, 0
60, 0
60, 0
60, 0
60, 0
60, 0
60, 0
60, 0
60, 0
60, 0
60, 0
60, 0
60, 0
60, 0
60, 0
60, 0
60, 0
60, 0
60, 0
60, 0
60, 0
60, 0
60, 0
60, 0
60, 0
60, 0
60, 0
60, 0
60, 0
60, 0
60, 0
60, 0
60, 0
60, 0
60, 0
60, 0
60, 0
60, 0
60, 0
60, 0
60, 0
60, 0
60, 0
60, 0
60, 0
60, 0
60, 0
60, 0
60, 0
60, 0
60, 0
60, 0
60, 0
60, 0
60, 0
60, 0
60, 0
60, 0
60, 0
60, 0
60, 0
60, 0
60, 0
60, 0
60, 0
60, 0
60, 0
60, 0
60, 0
60, 0
60, 0
61, 1
61, 1
61, 1
61, 1
61, 1
61, 1
61, 1
61, 1
61, 1
61, 1
62, 1
62, 1
62, 1
62, 1
62, 1
62, 1
62, 1
62, 1
62, 1
62, 1
63, 0
63, 0
63, 0
63, 0
63, 0
63, 0
63, 0
63, 0
63, 0
63, 0
63, 0
63, 0
63, 0
63, 0
63, 0
63, 0
63, 0
63, 0
63, 0
63, 0
63, 0
63, 0
63, 0
63, 0
63, 0
63, 0
63, 0
63, 0
63, 0
63, 0
63, 0
63, 0
63, 0
63, 0
63, 0
63, 0
63, 0
63, 0
63, 0
63, 0
63, 0
63, 0
63, 0
63, 0
63, 0
63, 0
63, 0
63, 0
63, 0
63, 0
63, 0
63, 0
63, 0
63, 0
63, 0
63, 0
63, 0
63, 0
63, 0
63, 0
63, 0
63, 0
63, 0
63, 0
63, 0
63, 0
63, 0
63, 0
63, 0
63, 0
63, 0
63, 0
63, 0
63, 0
63, 0
63, 0
63, 0
63, 0
63, 0
63, 0
63, 0
63, 0
63, 0
63, 0
63, 0
63, 0
63, 0
63, 0
63, 0
63, 0
63, 0
63, 0
63, 0
63, 0
63, 0
63, 0
63, 0
63, 0
63, 0
63, 0
64, 0
64, 0
64, 0
64, 0
64, 0
64, 0
64, 0
64, 0
64, 0
64, 0
64, 0
64, 0
64, 0
64, 0
64, 0
64, 0
64, 0
64, 0
64, 0
64, 0
64, 0
64, 0
64, 0
64, 0
64, 0
64, 0
64, 0
64, 0
64, 0
64, 0
64, 0
64, 0
64, 0
64, 0
64, 0
64, 0
64, 0
64, 0
64, 0
64, 0
64, 0
64, 0
64, 0
64, 0
64, 0
64, 0
64, 0
64, 0
64, 0
64, 0
64, 0
64, 0
64, 0
64, 0
64, 0
64, 0
64, 0
64, 0
64, 0
64, 0
64, 0
64, 0
64, 0
64, 0
64, 0
64, 0
64, 0
64, 0
64, 0
64, 0
64, 0
64, 0
64, 0
64, 0
64, 0
64, 0
64, 0
64, 0
64, 0
64, 0
64, 0
64, 0
64, 0
64, 0
64, 0
64, 0
64, 0
64, 0
64, 0
64, 0
64, 0
64, 0
64, 0
64, 0
64, 0
64, 0
64, 0
64, 0
64, 0
64, 0
65, 0
65, 0
65, 0
65, 0
65, 0
65, 0
65, 0
65, 0
65, 0
65, 0
65, 0
65, 0
65, 0
65, 0
65, 0
65, 0
65, 0
65, 0
65, 0
65, 0
65, 0
65, 0
65, 0
65, 0
65, 0
65, 0
65, 0
65, 0
65, 0
65, 0
65, 0
65, 0
65, 0
65, 0
65, 0
65, 0
65, 0
65, 0
65, 0
65, 0
65, 0
65, 0
65, 0
65, 0
65, 0
65, 0
65, 0
65, 0
65, 0
65, 0
65, 0
65, 0
65, 0
65, 0
65, 0
65, 0
65, 0
65, 0
65, 0
65, 0
65, 0
65, 0
65, 0
65, 0
65, 0
65, 0
65, 0
65, 0
65, 0
65, 0
65, 0
65, 0
65, 0
65, 0
65, 0
65, 0
65, 0
65, 0
65, 0
65, 0
65, 0
65, 0
65, 0
65, 0
65, 0
65, 0
65, 0
65, 0
65, 0
65, 0
65, 0
65, 0
65, 0
65, 0
65, 0
65, 0
65, 0
65, 0
65, 0
65, 0
66, 1
66, 1
66, 1
66, 1
66, 1
66, 1
66, 1
66, 1
66, 1
66, 1
67, 1
67, 1
67, 1
67, 1
67, 1
67, 1
67, 1
67, 1
67, 1
67, 1
68, 0
69, 1
69, 1
69, 1
69, 1
69, 1
69, 1
69, 1
69, 1
69, 1
69, 1
70, 1
70, 1
70, 1
70, 1
70, 1
70, 1
70, 1
70, 1
70, 1
70, 1
71, 1
71, 1
71, 1
71, 1
71, 1
71, 1
71, 1
71, 1
71, 1
71, 1
72, 1
72, 1
72, 1
72, 1
72, 1
72, 1
72, 1
72, 1
72, 1
72, 1
73, 0
73, 0
73, 0
73, 0
73, 0
73, 0
73, 0
73, 0
73, 0
73, 0
73, 0
73, 0
73, 0
73, 0
73, 0
73, 0
73, 0
73, 0
73, 0
73, 0
73, 0
73, 0
73, 0
73, 0
73, 0
73, 0
73, 0
73, 0
73, 0
73, 0
73, 0
73, 0
73, 0
73, 0
73, 0
73, 0
73, 0
73, 0
73, 0
73, 0
73, 0
73, 0
73, 0
73, 0
73, 0
73, 0
73, 0
73, 0
73, 0
73, 0
73, 0
73, 0
73, 0
73, 0
73, 0
73, 0
73, 0
73, 0
73, 0
73, 0
73, 0
73, 0
73, 0
73, 0
73, 0
73, 0
73, 0
73, 0
73, 0
73, 0
73, 0
73, 0
73, 0
73, 0
73, 0
73, 0
73, 0
73, 0
73, 0
73, 0
73, 0
73, 0
73, 0
73, 0
73, 0
73, 0
73, 0
73, 0
73, 0
73, 0
73, 0
73, 0
73, 0
73, 0
73, 0
73, 0
73, 0
73, 0
73, 0
73, 0
74, 0
74, 0
74, 0
74, 0
74, 0
74, 0
74, 0
74, 0
74, 0
74, 0
74, 0
74, 0
74, 0
74, 0
74, 0
74, 0
74, 0
74, 0
74, 0
74, 0
74, 0
74, 0
74, 0
74, 0
74, 0
74, 0
74, 0
74, 0
74, 0
74, 0
74, 0
74, 0
74, 0
74, 0
74, 0
74, 0
74, 0
74, 0
74, 0
74, 0
74, 0
74, 0
74, 0
74, 0
74, 0
74, 0
74, 0
74, 0
74, 0
74, 0
74, 0
74, 0
74, 0
74, 0
74, 0
74, 0
74, 0
74, 0
74, 0
74, 0
74, 0
74, 0
74, 0
74, 0
74, 0
74, 0
74, 0
74, 0
74, 0
74, 0
74, 0
74, 0
74, 0
74, 0
74, 0
74, 0
74, 0
74, 0
74, 0
74, 0
74, 0
74, 0
74, 0
74, 0
74, 0
74, 0
74, 0
74, 0
74, 0
74, 0
74, 0
74, 0
74, 0
74, 0
74, 0
74, 0
74, 0
74, 0
74, 0
74, 0
75, 1
75, 1
75, 1
75, 1
75, 1
75, 1
75, 1
75, 1
75, 1
75, 1
76, 0
76, 0
76, 0
76, 0
76, 0
76, 0
76, 0
76, 0
76, 0
76, 0
76, 0
76, 0
76, 0
76, 0
76, 0
76, 0
76, 0
77, 0
78, 0
78, 0
78, 0
78, 0
78, 0
78, 0
78, 0
78, 0
79, 1
79, 1
79, 1
79, 1
79, 1
79, 1
79, 1
79, 1
79, 1
79, 1
80, 1
80, 1
80, 1
80, 1
80, 1
80, 1
80, 1
80, 1
80, 1
80, 1
81, 0
81, 0
81, 0
81, 0
81, 0
81, 0
82, 0
82, 0
82, 0
82, 0
82, 0
82, 0
82, 0
82, 0
82, 0
82, 0
82, 0
82, 0
82, 0
82, 0
82, 0
82, 0
82, 0
82, 0
82, 0
82, 0
82, 0
82, 0
82, 0
82, 0
82, 0
82, 0
82, 0
82, 0
82, 0
82, 0
82, 0
82, 0
82, 0
82, 0
82, 0
82, 0
82, 0
82, 0
82, 0
82, 0
82, 0
82, 0
82, 0
82, 0
82, 0
82, 0
82, 0
82, 0
82, 0
82, 0
82, 0
82, 0
82, 0
82, 0
82, 0
82, 0
82, 0
82, 0
82, 0
82, 0
82, 0
82, 0
82, 0
82, 0
82, 0
82, 0
82, 0
82, 0
82, 0
82, 0
82, 0
82, 0
82, 0
82, 0
82, 0
82, 0
82, 0
82, 0
82, 0
82, 0
82, 0
82, 0
82, 0
82, 0
82, 0
82, 0
82, 0
82, 0
82, 0
82, 0
82, 0
82, 0
82, 0
82, 0
82, 0
82, 0
82, 0
82, 0
82, 0
82, 0
83, 1
83, 1
83, 1
83, 1
83, 1
83, 1
83, 1
83, 1
83, 1
83, 1
84, 1
84, 1
84, 1
84, 1
84, 1
84, 1
84, 1
84, 1
84, 1
84, 1
85, 1
85, 1
85, 1
85, 1
85, 1
86, 0
86, 0
86, 0
86, 0
86, 0
86, 0
86, 0
86, 0
86, 0
86, 0
86, 0
86, 0
86, 0
86, 0
86, 0
86, 0
86, 0
86, 0
86, 0
86, 0
86, 0
86, 0
86, 0
86, 0
86, 0
86, 0
86, 0
86, 0
86, 0
86, 0
86, 0
86, 0
86, 0
86, 0
86, 0
86, 0
86, 0
86, 0
86, 0
86, 0
86, 0
86, 0
86, 0
86, 0
86, 0
86, 0
86, 0
86, 0
86, 0
86, 0
86, 0
86, 0
86, 0
86, 0
86, 0
86, 0
86, 0
86, 0
86, 0
86, 0
86, 0
86, 0
86, 0
86, 0
86, 0
86, 0
86, 0
86, 0
86, 0
86, 0
86, 0
86, 0
86, 0
86, 0
86, 0
86, 0
86, 0
86, 0
86, 0
86, 0
86, 0
86, 0
86, 0
86, 0
86, 0
86, 0
86, 0
86, 0
86, 0
86, 0
86, 0
86, 0
86, 0
86, 0
86, 0
86, 0
86, 0
86, 0
86, 0
86, 0
87, 0
87, 0
87, 0
87, 0
87, 0
87, 0
87, 0
87, 0
87, 0
87, 0
87, 0
87, 0
87, 0
87, 0
87, 0
87, 0
87, 0
87, 0
87, 0
87, 0
87, 0
87, 0
87, 0
87, 0
87, 0
87, 0
87, 0
87, 0
87, 0
87, 0
87, 0
87, 0
87, 0
87, 0
87, 0
87, 0
87, 0
87, 0
87, 0
87, 0
87, 0
87, 0
87, 0
87, 0
87, 0
87, 0
87, 0
87, 0
87, 0
87, 0
87, 0
87, 0
87, 0
87, 0
87, 0
87, 0
87, 0
87, 0
87, 0
87, 0
87, 0
87, 0
87, 0
87, 0
87, 0
87, 0
87, 0
87, 0
87, 0
87, 0
87, 0
87, 0
87, 0
87, 0
87, 0
87, 0
87, 0
87, 0
87, 0
87, 0
87, 0
87, 0
87, 0
87, 0
87, 0
87, 0
87, 0
87, 0
87, 0
87, 0
87, 0
87, 0
87, 0
87, 0
87, 0
87, 0
87, 0
87, 0
87, 0
87, 0
88, 0
88, 0
88, 0
88, 0
88, 0
88, 0
88, 0
88, 0
88, 0
88, 0
88, 0
88, 0
88, 0
88, 0
88, 0
88, 0
88, 0
88, 0
88, 0
88, 0
88, 0
88, 0
88, 0
88, 0
88, 0
88, 0
88, 0
88, 0
88, 0
88, 0
88, 0
88, 0
88, 0
88, 0
88, 0
88, 0
88, 0
88, 0
88, 0
88, 0
88, 0
88, 0
88, 0
88, 0
88, 0
88, 0
88, 0
88, 0
88, 0
88, 0
88, 0
88, 0
88, 0
88, 0
88, 0
88, 0
88, 0
88, 0
88, 0
88, 0
88, 0
88, 0
88, 0
88, 0
88, 0
88, 0
88, 0
88, 0
88, 0
88, 0
88, 0
88, 0
88, 0
88, 0
88, 0
88, 0
88, 0
88, 0
88, 0
88, 0
88, 0
88, 0
88, 0
88, 0
88, 0
88, 0
88, 0
88, 0
88, 0
88, 0
88, 0
88, 0
88, 0
88, 0
88, 0
88, 0
88, 0
88, 0
88, 0
88, 0
89, 1
89, 1
89, 1
89, 1
89, 1
89, 1
89, 1
89, 1
89, 1
89, 1
90, 0
90, 0
90, 0
90, 0
90, 0
90, 0
90, 0
90, 0
90, 0
90, 0
90, 0
90, 0
90, 0
90, 0
90, 0
90, 0
90, 0
90, 0
90, 0
90, 0
90, 0
90, 0
90, 0
90, 0
90, 0
90, 0
90, 0
90, 0
90, 0
90, 0
90, 0
90, 0
90, 0
90, 0
90, 0
90, 0
90, 0
90, 0
90, 0
90, 0
90, 0
90, 0
90, 0
90, 0
90, 0
90, 0
90, 0
90, 0
90, 0
90, 0
90, 0
90, 0
90, 0
90, 0
90, 0
90, 0
90, 0
90, 0
90, 0
90, 0
90, 0
90, 0
90, 0
90, 0
90, 0
90, 0
90, 0
90, 0
90, 0
90, 0
90, 0
90, 0
90, 0
90, 0
90, 0
90, 0
90, 0
90, 0
90, 0
90, 0
90, 0
90, 0
90, 0
90, 0
90, 0
90, 0
90, 0
90, 0
90, 0
90, 0
90, 0
90, 0
90, 0
90, 0
90, 0
90, 0
90, 0
90, 0
90, 0
90, 0
91, 1
91, 1
91, 1
92, 0
92, 0
92, 0
92, 0
92, 0
92, 0
92, 0
92, 0
92, 0
92, 0
92, 0
92, 0
92, 0
92, 0
92, 0
92, 0
92, 0
92, 0
92, 0
92, 0
92, 0
92, 0
92, 0
92, 0
92, 0
92, 0
92, 0
92, 0
92, 0
92, 0
92, 0
92, 0
92, 0
92, 0
92, 0
92, 0
92, 0
92, 0
92, 0
92, 0
92, 0
92, 0
92, 0
92, 0
92, 0
92, 0
92, 0
92, 0
92, 0
92, 0
92, 0
92, 0
92, 0
92, 0
92, 0
92, 0
92, 0
92, 0
92, 0
92, 0
92, 0
92, 0
92, 0
92, 0
92, 0
92, 0
92, 0
92, 0
92, 0
92, 0
92, 0
92, 0
92, 0
92, 0
92, 0
92, 0
92, 0
92, 0
92, 0
92, 0
92, 0
92, 0
92, 0
92, 0
92, 0
92, 0
92, 0
92, 0
92, 0
92, 0
92, 0
92, 0
92, 0
92, 0
92, 0
92, 0
92, 0
92, 0
92, 0
92, 0
93, 1
93, 1
93, 1
93, 1
93, 1
93, 1
93, 1
93, 1
93, 1
93, 1
94, 1
94, 1
94, 1
94, 1
94, 1
94, 1
94, 1
94, 1
94, 1
94, 1
95, 0
95, 0
95, 0
95, 0
95, 0
95, 0
95, 0
95, 0
95, 0
95, 0
95, 0
95, 0
95, 0
95, 0
95, 0
95, 0
95, 0
95, 0
95, 0
95, 0
95, 0
95, 0
95, 0
95, 0
95, 0
95, 0
95, 0
95, 0
95, 0
95, 0
95, 0
95, 0
95, 0
95, 0
95, 0
95, 0
95, 0
95, 0
95, 0
95, 0
95, 0
95, 0
95, 0
95, 0
95, 0
95, 0
95, 0
95, 0
95, 0
95, 0
95, 0
95, 0
95, 0
95, 0
95, 0
95, 0
95, 0
95, 0
95, 0
95, 0
95, 0
95, 0
95, 0
95, 0
95, 0
95, 0
95, 0
95, 0
95, 0
95, 0
95, 0
95, 0
95, 0
95, 0
95, 0
95, 0
95, 0
95, 0
95, 0
95, 0
95, 0
95, 0
95, 0
95, 0
95, 0
95, 0
95, 0
95, 0
95, 0
95, 0
95, 0
95, 0
95, 0
95, 0
95, 0
95, 0
95, 0
95, 0
95, 0
95, 0
96, 0
96, 0
96, 0
96, 0
96, 0
96, 0
96, 0
96, 0
96, 0
96, 0
96, 0
96, 0
96, 0
96, 0
96, 0
96, 0
96, 0
96, 0
96, 0
96, 0
96, 0
96, 0
96, 0
96, 0
96, 0
96, 0
96, 0
96, 0
96, 0
96, 0
96, 0
96, 0
96, 0
96, 0
96, 0
96, 0
96, 0
96, 0
96, 0
96, 0
96, 0
96, 0
96, 0
96, 0
96, 0
96, 0
96, 0
96, 0
96, 0
96, 0
96, 0
96, 0
96, 0
96, 0
96, 0
96, 0
96, 0
96, 0
96, 0
96, 0
96, 0
96, 0
96, 0
96, 0
96, 0
96, 0
96, 0
96, 0
96, 0
96, 0
96, 0
96, 0
96, 0
96, 0
96, 0
96, 0
96, 0
96, 0
96, 0
96, 0
96, 0
96, 0
96, 0
96, 0
96, 0
96, 0
96, 0
96, 0
96, 0
96, 0
96, 0
96, 0
96, 0
96, 0
96, 0
96, 0
96, 0
96, 0
96, 0
96, 0
97, 1
97, 1
97, 1
97, 1
97, 1
97, 1
97, 1
97, 1
97, 1
97, 1
98, 1
98, 1
98, 1
98, 1
98, 1
98, 1
98, 1
98, 1
98, 1
98, 1
99, 1
99, 1
99, 1
99, 1
99, 1
99, 1
99, 1
99, 1
99, 1
99, 1
